open_time,open,high,low,close,volume,close_time,quote_volume,trades,taker_buy_base,taker_buy_quote,ignore
1696118400000,0.1724,0.1724,0.1715,0.1718,82658.0,1696119299999,14194.1459,61,14654.0,2516.0278,0
1696119300000,0.1719,0.1722,0.1718,0.1721,31510.0,1696120199999,5416.435,37,15175.0,2609.1358,0
1696120200000,0.1717,0.1721,0.1716,0.172,49305.0,1696121099999,8468.8671,54,9590.0,1647.3275,0
1696121100000,0.172,0.1724,0.1719,0.1724,6638.0,1696121999999,1142.6597,23,2528.0,435.2703,0
1696122000000,0.1724,0.1725,0.1717,0.1718,19248.0,1696122899999,3309.2791,41,10257.0,1762.7547,0
1696122900000,0.1718,0.1723,0.1716,0.1723,66589.0,1696123799999,11435.421,67,4757.0,817.4984,0
1696123800000,0.1722,0.1723,0.1721,0.1722,11195.0,1696124699999,1927.2901,23,7090.0,1220.6621,0
1696124700000,0.1722,0.1725,0.1722,0.1724,13066.0,1696125599999,2251.18,33,8092.0,1393.8043,0
1696125600000,0.1723,0.1729,0.1723,0.1725,80796.0,1696126499999,13954.8192,69,44782.0,7736.8489,0
1696126500000,0.1726,0.1729,0.1726,0.1727,28664.0,1696127399999,4951.5597,47,5340.0,922.4556,0
1696127400000,0.1724,0.1724,0.1721,0.1723,46200.0,1696128299999,7953.2572,36,4232.0,728.9745,0
1696128300000,0.1726,0.1726,0.1724,0.1724,13302.0,1696129199999,2294.6719,32,5794.0,999.7169,0
1696129200000,0.1725,0.1725,0.1722,0.1722,12144.0,1696130099999,2092.5672,19,8879.0,1529.9458,0
1696130100000,0.1722,0.1725,0.1722,0.1725,16568.0,1696130999999,2855.7818,28,14002.0,2413.66,0
1696131000000,0.1725,0.1725,0.1723,0.1725,47286.0,1696131899999,8151.1633,36,4333.0,746.6553,0
1696131900000,0.1724,0.1726,0.1722,0.1724,52268.0,1696132799999,9011.3009,59,6952.0,1198.3358,0
1696132800000,0.1724,0.1726,0.1722,0.1726,11891.0,1696133699999,2051.0604,22,6678.0,1152.183,0
1696133700000,0.1725,0.1728,0.1724,0.1724,74218.0,1696134599999,12807.5909,53,29043.0,5013.4039,0
1696134600000,0.1724,0.1724,0.1722,0.1722,25936.0,1696135499999,4468.7915,21,21023.0,3622.6254,0
1696135500000,0.1723,0.1724,0.1723,0.1724,9287.0,1696136399999,1600.9374,16,5785.0,997.2634,0
1696136400000,0.1725,0.1728,0.1725,0.1728,7625.0,1696137299999,1316.5745,25,4233.0,730.9626,0
1696137300000,0.1728,0.1732,0.1728,0.1732,51392.0,1696138199999,8894.2452,69,34423.0,5959.743,0
1696138200000,0.1731,0.1731,0.1729,0.1731,3102.0,1696139099999,536.6537,10,317.0,54.8641,0
1696139100000,0.1731,0.1731,0.1726,0.1728,20973.0,1696139999999,3624.36,19,3001.0,518.5858,0
1696140000000,0.1727,0.1732,0.1727,0.1731,37122.0,1696140899999,6422.9901,49,28555.0,4939.3908,0
1696140900000,0.1731,0.1731,0.1729,0.173,8434.0,1696141799999,1459.001,18,7434.0,1286.0414,0
1696141800000,0.173,0.1734,0.173,0.1731,19038.0,1696142699999,3298.2772,41,9372.0,1623.9468,0
1696142700000,0.1732,0.1733,0.173,0.1731,8795.0,1696143599999,1522.084,19,175.0,30.3246,0
1696143600000,0.1732,0.174,0.1732,0.1735,67566.0,1696144499999,11737.9081,82,38977.0,6773.3966,0
1696144500000,0.1734,0.1734,0.1729,0.1729,25565.0,1696145399999,4426.4035,56,8661.0,1500.0098,0
1696145400000,0.1729,0.1732,0.1729,0.1729,3080.0,1696146299999,533.0352,14,1168.0,202.0812,0
1696146300000,0.1729,0.173,0.1726,0.1728,30285.0,1696147199999,5232.8787,37,11039.0,1907.3786,0
1696147200000,0.1727,0.173,0.1726,0.1726,93837.0,1696148099999,16207.5129,77,29566.0,5108.9631,0
1696148100000,0.1727,0.1729,0.1726,0.1729,17760.0,1696148999999,3067.3974,35,989.0,170.9161,0
1696149000000,0.1727,0.1732,0.1726,0.1731,84668.0,1696149899999,14641.3764,52,60933.0,10542.194,0
1696149900000,0.1732,0.1734,0.1731,0.1734,6924.0,1696150799999,1199.8988,24,5389.0,933.9603,0
1696150800000,0.1734,0.1736,0.1734,0.1735,7828.0,1696151699999,1358.2357,18,3732.0,647.5887,0
1696151700000,0.1736,0.1741,0.1734,0.1738,46618.0,1696152599999,8101.7399,72,13427.0,2334.7821,0
1696152600000,0.1738,0.1741,0.1737,0.174,73707.0,1696153499999,12819.0382,66,6681.0,1161.9277,0
1696153500000,0.1738,0.1744,0.1738,0.1742,15601.0,1696154399999,2717.4845,45,10916.0,1901.3894,0
1696154400000,0.1742,0.1759,0.1742,0.1753,345410.0,1696155299999,60572.5963,390,261209.0,45809.088,0
1696155300000,0.1755,0.1757,0.175,0.1753,88078.0,1696156199999,15433.9112,95,32586.0,5711.7112,0
1696156200000,0.1752,0.1752,0.1747,0.175,14196.0,1696157099999,2483.3254,33,8053.0,1409.1423,0
1696157100000,0.175,0.1755,0.175,0.1753,86533.0,1696157999999,15168.6629,97,51877.0,9097.697,0
1696158000000,0.1753,0.1753,0.1747,0.175,32347.0,1696158899999,5660.4483,46,6520.0,1141.2348,0
1696158900000,0.1749,0.1749,0.174,0.1749,318626.0,1696159799999,55588.1126,200,66513.0,11615.7902,0
1696159800000,0.175,0.1752,0.1749,0.175,30352.0,1696160699999,5314.0386,43,19582.0,3428.9696,0
1696160700000,0.175,0.1752,0.1746,0.1748,61947.0,1696161599999,10831.3514,61,25156.0,4405.738,0
1696161600000,0.1747,0.1747,0.1745,0.1745,8468.0,1696162499999,1479.0824,23,4718.0,824.0672,0
1696162500000,0.1744,0.1746,0.1742,0.1746,46452.0,1696163399999,8102.2852,70,5440.0,948.6752,0
1696163400000,0.1746,0.1748,0.1745,0.1747,24168.0,1696164299999,4220.4036,23,12369.0,2160.3013,0
1696164300000,0.1746,0.1748,0.1746,0.1746,13198.0,1696165199999,2305.8247,19,4567.0,798.1187,0
1696165200000,0.1747,0.1749,0.1742,0.1742,62226.0,1696166099999,10853.3569,104,21248.0,3709.1844,0
1696166100000,0.1741,0.1745,0.1739,0.1745,48827.0,1696166999999,8498.695,64,2619.0,456.5437,0
1696167000000,0.1747,0.1747,0.1743,0.1747,7680.0,1696167899999,1340.0236,19,2500.0,436.5997,0
1696167900000,0.1747,0.1752,0.1747,0.1751,51637.0,1696168799999,9033.7776,71,22535.0,3942.8221,0
1696168800000,0.1751,0.1755,0.1747,0.1749,343595.0,1696169699999,60166.2074,298,63923.0,11205.9971,0
1696169700000,0.1749,0.1754,0.1749,0.1753,71094.0,1696170599999,12449.2517,77,1870.0,327.6529,0
1696170600000,0.175,0.175,0.1733,0.1736,205958.0,1696171499999,35790.9238,272,26943.0,4682.868,0
1696171500000,0.1736,0.174,0.1733,0.1737,69064.0,1696172399999,11998.6308,136,41177.0,7155.3015,0
1696172400000,0.1737,0.1742,0.1736,0.1742,37225.0,1696173299999,6477.2784,49,14675.0,2553.8922,0
1696173300000,0.1743,0.1743,0.1738,0.1739,158430.0,1696174199999,27569.3014,131,19346.0,3368.2151,0
1696174200000,0.174,0.1742,0.174,0.1741,29402.0,1696175099999,5118.2016,34,21285.0,3705.0434,0
1696175100000,0.1741,0.1741,0.174,0.174,7059.0,1696175999999,1228.9396,17,6679.0,1162.7916,0
1696176000000,0.174,0.174,0.1734,0.1737,31310.0,1696176899999,5439.379,69,5539.0,962.3684,0
1696176900000,0.1738,0.1738,0.1734,0.1735,22082.0,1696177799999,3833.8195,37,13066.0,2269.6248,0
1696177800000,0.1735,0.1736,0.1731,0.1731,14880.0,1696178699999,2578.0651,33,832.0,144.3576,0
1696178700000,0.1731,0.1735,0.1729,0.1731,44857.0,1696179599999,7760.5004,56,19652.0,3401.3695,0
1696179600000,0.1732,0.1737,0.1732,0.1737,16537.0,1696180499999,2868.9583,24,11151.0,1933.935,0
1696180500000,0.1737,0.1737,0.1732,0.1733,3793.0,1696181399999,657.7808,16,2147.0,372.3036,0
1696181400000,0.1732,0.1732,0.1721,0.1721,108129.0,1696182299999,18648.4709,180,22720.0,3918.1879,0
1696182300000,0.1721,0.1723,0.1715,0.1719,236252.0,1696183199999,40600.4895,266,80735.0,13874.0606,0
1696183200000,0.1718,0.1724,0.1717,0.1724,62923.0,1696184099999,10835.1611,107,35200.0,6063.4982,0
1696184100000,0.1724,0.1726,0.1723,0.1725,86338.0,1696184999999,14897.3683,90,50952.0,8790.332,0
1696185000000,0.1724,0.1728,0.1724,0.1728,12338.0,1696185899999,2130.1044,28,6899.0,1190.9214,0
1696185900000,0.1727,0.1727,0.1726,0.1727,7619.0,1696186799999,1315.2733,9,7465.0,1288.6929,0
1696186800000,0.1726,0.1727,0.1723,0.1724,10910.0,1696187699999,1882.114,28,548.0,94.5127,0
1696187700000,0.1725,0.1727,0.1724,0.1727,18102.0,1696188599999,3122.1806,26,4939.0,852.2963,0
1696188600000,0.1726,0.1728,0.1726,0.1727,4981.0,1696189499999,860.2548,16,2519.0,435.2312,0
1696189500000,0.1727,0.1727,0.1725,0.1725,12197.0,1696190399999,2104.9041,25,7292.0,1258.5335,0
1696190400000,0.1725,0.1733,0.1719,0.1731,31531.0,1696191299999,5435.7476,53,15115.0,2607.0355,0
1696191300000,0.1732,0.1733,0.1731,0.1731,22611.0,1696192199999,3917.1558,33,5876.0,1017.9986,0
1696192200000,0.1731,0.1732,0.1726,0.1731,10959.0,1696193099999,1895.1718,28,7804.0,1349.7496,0
1696193100000,0.1733,0.1733,0.1727,0.1729,23904.0,1696193999999,4137.7688,38,13501.0,2336.1482,0
1696194000000,0.173,0.1738,0.173,0.1732,110256.0,1696194899999,19130.5891,131,63390.0,11002.1965,0
1696194900000,0.1732,0.1734,0.1731,0.1734,24574.0,1696195799999,4258.5957,27,21147.0,3665.1153,0
1696195800000,0.1734,0.1735,0.1732,0.1734,21174.0,1696196699999,3670.0496,28,7061.0,1224.2047,0
1696196700000,0.1734,0.1738,0.1734,0.1738,14110.0,1696197599999,2449.7137,23,13915.0,2415.9007,0
1696197600000,0.1738,0.1743,0.1737,0.1742,45741.0,1696198499999,7955.6029,48,23244.0,4044.5657,0
1696198500000,0.1742,0.1782,0.1741,0.1773,477882.0,1696199399999,84467.3173,849,236157.0,41709.4256,0
1696199400000,0.1772,0.1782,0.1765,0.1771,289758.0,1696200299999,51474.7129,318,89754.0,15951.9222,0
1696200300000,0.177,0.1779,0.177,0.1779,58062.0,1696201199999,10294.9699,71,47666.0,8452.2706,0
1696201200000,0.1776,0.1779,0.1767,0.1768,31254.0,1696202099999,5541.1562,51,15134.0,2683.3315,0
1696202100000,0.1772,0.1772,0.1761,0.1761,30258.0,1696202999999,5347.777,54,15769.0,2788.254,0
1696203000000,0.1762,0.1767,0.1759,0.1767,14061.0,1696203899999,2478.7664,32,8648.0,1525.0655,0
1696203900000,0.1767,0.1772,0.1766,0.1766,36505.0,1696204799999,6454.5113,48,7254.0,1282.584,0
1696204800000,0.1767,0.1772,0.1761,0.1761,26489.0,1696205699999,4679.9388,71,15011.0,2652.18,0
1696205700000,0.1761,0.1762,0.1757,0.1761,71845.0,1696206599999,12644.8102,63,29632.0,5216.9619,0
1696206600000,0.1762,0.1765,0.1759,0.1763,42241.0,1696207499999,7448.4662,42,36825.0,6494.8003,0
1696207500000,0.1764,0.1765,0.176,0.1762,7757.0,1696208399999,1366.7409,18,951.0,167.5613,0
1696208400000,0.1762,0.1768,0.1761,0.1761,62997.0,1696209299999,11124.6252,67,48633.0,8587.9146,0
1696209300000,0.1761,0.1764,0.1761,0.1764,7675.0,1696210199999,1353.0273,19,687.0,121.1312,0
1696210200000,0.1764,0.1766,0.1764,0.1764,28906.0,1696211099999,5100.7726,34,821.0,144.9517,0
1696211100000,0.1765,0.1765,0.1764,0.1765,16765.0,1696211999999,2958.0163,23,281.0,49.589,0
1696212000000,0.1765,0.1767,0.1764,0.1765,168310.0,1696212899999,29706.0114,125,107571.0,18981.4966,0
1696212900000,0.1765,0.1766,0.176,0.1761,116565.0,1696213799999,20544.2408,106,11137.0,1965.2248,0
1696213800000,0.176,0.1761,0.1759,0.176,3130.0,1696214699999,550.8691,10,470.0,82.7211,0
1696214700000,0.176,0.1764,0.176,0.1764,7286.0,1696215599999,1283.6468,23,3619.0,637.7793,0
1696215600000,0.1763,0.1763,0.1761,0.1762,7416.0,1696216499999,1307.2955,19,2019.0,355.931,0
1696216500000,0.1761,0.1763,0.1761,0.1761,3679.0,1696217399999,648.0875,10,1252.0,220.5786,0
1696217400000,0.1762,0.1769,0.176,0.1765,61390.0,1696218299999,10832.1149,100,25709.0,4537.8527,0
1696218300000,0.1765,0.1765,0.1757,0.1759,23593.0,1696219199999,4150.8801,49,8884.0,1563.3584,0
1696219200000,0.1758,0.1759,0.1753,0.1754,32775.0,1696220099999,5751.4237,52,3379.0,594.0261,0
1696220100000,0.1753,0.1755,0.1753,0.1753,24569.0,1696220999999,4307.9756,24,3389.0,594.7421,0
1696221000000,0.1752,0.1752,0.1749,0.175,8594.0,1696221899999,1503.9263,21,2018.0,353.5308,0
1696221900000,0.175,0.1753,0.175,0.1752,16014.0,1696222799999,2804.6267,35,9361.0,1639.1959,0
1696222800000,0.1752,0.1752,0.1748,0.1748,20297.0,1696223699999,3551.1668,25,7827.0,1370.4471,0
1696223700000,0.1748,0.1751,0.1748,0.175,29375.0,1696224599999,5137.1455,44,7124.0,1246.5773,0
1696224600000,0.175,0.175,0.1735,0.174,52011.0,1696225499999,9054.9227,106,12316.0,2142.3146,0
1696225500000,0.1741,0.1741,0.1737,0.1738,14843.0,1696226399999,2580.0476,39,5530.0,961.2316,0
1696226400000,0.1738,0.174,0.1738,0.174,5690.0,1696227299999,989.1052,18,3161.0,549.521,0
1696227300000,0.1741,0.1747,0.174,0.1747,39852.0,1696228199999,6942.3371,48,15817.0,2757.3537,0
1696228200000,0.1746,0.1752,0.1746,0.1751,44215.0,1696229099999,7734.1489,51,28998.0,5072.7504,0
1696229100000,0.175,0.175,0.175,0.175,2916.0,1696229999999,510.3,12,68.0,11.9,0
1696230000000,0.1751,0.1754,0.1745,0.1746,62782.0,1696230899999,10990.4277,59,46232.0,8097.656,0
1696230900000,0.1746,0.1748,0.1746,0.1747,16436.0,1696231799999,2870.9724,32,9645.0,1684.9761,0
1696231800000,0.1747,0.1754,0.1747,0.1753,59965.0,1696232699999,10496.8734,64,31976.0,5598.7674,0
1696232700000,0.1753,0.1755,0.1748,0.175,57840.0,1696233599999,10124.7483,80,16525.0,2895.5473,0
1696233600000,0.175,0.1753,0.1747,0.1753,15628.0,1696234499999,2735.4977,29,9808.0,1717.34,0
1696234500000,0.1752,0.1754,0.175,0.1752,156618.0,1696235399999,27451.2303,99,27808.0,4875.2984,0
1696235400000,0.1751,0.1755,0.1747,0.1749,146996.0,1696236299999,25736.2028,123,20746.0,3633.0328,0
1696236300000,0.1747,0.175,0.1745,0.1749,18937.0,1696237199999,3309.7042,31,9946.0,1739.4509,0
1696237200000,0.1748,0.175,0.1748,0.1749,9678.0,1696238099999,1693.1201,22,6421.0,1123.53,0
1696238100000,0.1749,0.1751,0.1746,0.1749,38181.0,1696238999999,6670.7385,44,23018.0,4022.3978,0
1696239000000,0.175,0.1751,0.1746,0.1746,8777.0,1696239899999,1533.2692,19,6799.0,1187.613,0
1696239900000,0.1746,0.1747,0.1743,0.1743,50110.0,1696240799999,8740.3834,51,5664.0,989.1132,0
1696240800000,0.1743,0.1745,0.1743,0.1744,26613.0,1696241699999,4640.7981,47,15428.0,2691.2138,0
1696241700000,0.1743,0.1743,0.1741,0.1742,21214.0,1696242599999,3695.2522,32,8085.0,1408.4206,0
1696242600000,0.1744,0.1744,0.174,0.1742,38687.0,1696243499999,6739.3544,23,3364.0,586.1299,0
1696243500000,0.1742,0.1742,0.1741,0.1741,11038.0,1696244399999,1921.9319,19,976.0,170.0041,0
1696244400000,0.174,0.1742,0.1736,0.1737,20010.0,1696245299999,3479.0023,40,988.0,171.9407,0
1696245300000,0.1736,0.1742,0.1736,0.174,82090.0,1696246199999,14280.169,91,38108.0,6630.3274,0
1696246200000,0.174,0.1741,0.1734,0.1734,100146.0,1696247099999,17425.9427,89,8436.0,1468.2655,0
1696247100000,0.1734,0.1735,0.1733,0.1734,18432.0,1696247999999,3195.5218,31,12107.0,2099.3323,0
1696248000000,0.1734,0.1735,0.1733,0.1734,10376.0,1696248899999,1799.7794,13,8138.0,1411.8342,0
1696248900000,0.1735,0.1737,0.1735,0.1736,41468.0,1696249799999,7197.729,44,32495.0,5640.1433,0
1696249800000,0.1737,0.1739,0.173,0.1732,476568.0,1696250699999,82650.9967,445,46756.0,8109.4954,0
1696250700000,0.1732,0.1734,0.1731,0.1733,16296.0,1696251599999,2822.9458,16,10341.0,1791.2602,0
1696251600000,0.1732,0.1732,0.1728,0.1729,42027.0,1696252499999,7270.4533,30,260.0,44.9798,0
1696252500000,0.173,0.1731,0.1723,0.1723,44420.0,1696253399999,7669.8074,63,5649.0,977.1597,0
1696253400000,0.1723,0.173,0.1719,0.1725,77297.0,1696254299999,13331.881,101,39485.0,6818.7572,0
1696254300000,0.1725,0.1725,0.172,0.1725,65527.0,1696255199999,11281.5668,89,41490.0,7143.9376,0
1696255200000,0.1725,0.1726,0.1703,0.1706,207859.0,1696256099999,35580.4994,358,74436.0,12749.4193,0
1696256100000,0.1709,0.1716,0.1705,0.1715,139620.0,1696256999999,23901.8826,153,122774.0,21022.7496,0
1696257000000,0.1714,0.1719,0.1714,0.1716,44644.0,1696257899999,7665.3328,73,18978.0,3259.8984,0
1696257900000,0.1714,0.1719,0.1712,0.1718,51324.0,1696258799999,8807.4353,49,31479.0,5406.1887,0
1696258800000,0.1718,0.172,0.1715,0.172,50577.0,1696259699999,8685.4443,65,29736.0,5105.7531,0
1696259700000,0.172,0.172,0.1716,0.1717,32210.0,1696260599999,5535.9235,48,16146.0,2775.8305,0
1696260600000,0.1717,0.1718,0.1713,0.1714,67548.0,1696261499999,11588.0355,89,50843.0,8722.5103,0
1696261500000,0.1714,0.1716,0.1692,0.1702,262953.0,1696262399999,44802.0127,336,103265.0,17607.1626,0
1696262400000,0.1702,0.1708,0.1693,0.1707,251597.0,1696263299999,42762.31,370,147564.0,25101.3799,0
1696263300000,0.1706,0.1711,0.1704,0.171,25690.0,1696264199999,4387.0403,52,16145.0,2757.8932,0
1696264200000,0.1709,0.1711,0.1704,0.171,302880.0,1696265099999,51701.002,172,92704.0,15836.1694,0
1696265100000,0.1712,0.1712,0.1707,0.1708,11074.0,1696265999999,1892.5596,26,8292.0,1416.9432,0
1696266000000,0.1708,0.1711,0.1703,0.1706,62766.0,1696266899999,10706.3741,79,32891.0,5612.2297,0
1696266900000,0.1707,0.1711,0.1706,0.171,6970.0,1696267799999,1190.9266,25,2536.0,433.5225,0
1696267800000,0.1711,0.1717,0.1711,0.1717,89410.0,1696268699999,15321.113,52,80911.0,13864.4993,0
1696268700000,0.1718,0.1718,0.1716,0.1718,21607.0,1696269599999,3711.7248,23,11385.0,1955.943,0
1696269600000,0.1718,0.1718,0.1716,0.1717,27983.0,1696270499999,4803.983,36,18949.0,3253.4815,0
1696270500000,0.1718,0.1718,0.1712,0.1713,85391.0,1696271399999,14633.5698,75,29434.0,5043.5599,0
1696271400000,0.1712,0.1714,0.167,0.1684,506618.0,1696272299999,85494.1128,763,257940.0,43456.8204,0
1696272300000,0.1683,0.1696,0.1683,0.1685,173215.0,1696273199999,29246.4762,268,106490.0,17978.4792,0
1696273200000,0.1684,0.1684,0.1677,0.168,102689.0,1696274099999,17258.7779,181,62993.0,10591.1535,0
1696274100000,0.168,0.1687,0.168,0.1684,96986.0,1696274999999,16330.0019,133,44638.0,7516.0398,0
1696275000000,0.1685,0.1691,0.1685,0.169,13608.0,1696275899999,2298.7325,41,7296.0,1232.7145,0
1696275900000,0.169,0.1699,0.169,0.1697,49266.0,1696276799999,8347.2573,56,43288.0,7333.5094,0
1696276800000,0.1697,0.1697,0.1692,0.1694,42938.0,1696277699999,7277.1288,47,12259.0,2077.3072,0
1696277700000,0.1695,0.1696,0.1691,0.1694,10348.0,1696278599999,1753.3672,24,3516.0,595.7641,0
1696278600000,0.1694,0.1695,0.1694,0.1694,1621.0,1696279499999,274.6547,4,789.0,133.7139,0
1696279500000,0.1694,0.1695,0.1692,0.1693,7819.0,1696280399999,1324.534,20,1239.0,209.8131,0
1696280400000,0.1692,0.1694,0.169,0.1691,17718.0,1696281299999,2996.7495,25,14086.0,2381.7281,0
1696281300000,0.1691,0.1698,0.1691,0.1697,10870.0,1696282199999,1843.1308,43,8993.0,1524.9593,0
1696282200000,0.1697,0.1697,0.1684,0.1685,52149.0,1696283099999,8802.6629,104,20914.0,3531.1318,0
1696283100000,0.1684,0.1686,0.1676,0.1686,101164.0,1696283999999,17001.1181,151,42782.0,7196.2108,0
1696284000000,0.1685,0.1689,0.1684,0.1688,58160.0,1696284899999,9816.6342,78,43615.0,7362.8549,0
1696284900000,0.1687,0.169,0.1687,0.1689,5801.0,1696285799999,979.3974,19,1595.0,269.2701,0
1696285800000,0.1691,0.1691,0.169,0.169,2274.0,1696286699999,384.5248,6,117.0,19.7761,0
1696286700000,0.1691,0.1691,0.1687,0.1687,28224.0,1696287599999,4765.9078,39,10156.0,1714.287,0
1696287600000,0.1688,0.1691,0.1687,0.1691,7071.0,1696288499999,1194.1697,21,4048.0,683.7902,0
1696288500000,0.1691,0.1693,0.169,0.1692,59184.0,1696289399999,10017.5389,36,40254.0,6813.4409,0
1696289400000,0.1692,0.1694,0.169,0.1694,68091.0,1696290299999,11519.8855,52,9445.0,1599.0535,0
1696290300000,0.1695,0.1696,0.1692,0.1692,8185.0,1696291199999,1387.6822,23,2047.0,347.0156,0
1696291200000,0.1691,0.1693,0.1689,0.1692,70639.0,1696292099999,11941.9189,61,29082.0,4918.5471,0
1696292100000,0.1691,0.1697,0.1691,0.1695,22258.0,1696292999999,3773.2272,37,18056.0,3061.6896,0
1696293000000,0.1697,0.1697,0.1693,0.1695,34701.0,1696293899999,5886.4395,30,21118.0,3582.1507,0
1696293900000,0.1695,0.1695,0.1694,0.1694,6958.0,1696294799999,1178.8072,26,557.0,94.3843,0
1696294800000,0.1695,0.1695,0.1689,0.1692,6609.0,1696295699999,1118.574,26,2071.0,350.2724,0
1696295700000,0.1694,0.1694,0.1693,0.1694,13640.0,1696296599999,2309.2875,22,1672.0,283.1051,0
1696296600000,0.1697,0.1701,0.1697,0.1701,2451.0,1696297499999,416.7214,11,2052.0,348.9629,0
1696297500000,0.1702,0.1705,0.1702,0.1704,7555.0,1696298399999,1287.0617,38,6559.0,1117.3983,0
1696298400000,0.1703,0.1705,0.17,0.1702,8442.0,1696299299999,1436.5108,22,2299.0,391.3578,0
1696299300000,0.1702,0.1703,0.1701,0.1701,2152.0,1696300199999,366.2273,9,2152.0,366.2273,0
1696300200000,0.17,0.1701,0.1699,0.17,3357.0,1696301099999,570.7226,9,588.0,100.002,0
1696301100000,0.17,0.1702,0.17,0.1701,1467.0,1696301999999,249.4773,5,453.0,77.0164,0
1696302000000,0.17,0.17,0.1697,0.1698,8837.0,1696302899999,1500.5486,18,2904.0,493.3435,0
1696302900000,0.1698,0.1698,0.1695,0.1695,344.0,1696303799999,58.3755,3,119.0,20.1705,0
1696303800000,0.1694,0.1701,0.1694,0.1701,13234.0,1696304699999,2245.4502,21,12916.0,2191.469,0
1696304700000,0.1702,0.1702,0.1699,0.1701,34773.0,1696305599999,5909.6488,31,1354.0,230.2889,0
1696305600000,0.1702,0.1702,0.1694,0.1696,109682.0,1696306499999,18627.5824,104,17919.0,3043.5291,0
1696306500000,0.1697,0.1698,0.1693,0.1693,23224.0,1696307399999,3940.5625,34,3744.0,634.9125,0
1696307400000,0.1693,0.1699,0.1693,0.1697,1837.0,1696308299999,311.6447,11,1349.0,228.785,0
1696308300000,0.1698,0.17,0.1697,0.17,7795.0,1696309199999,1324.7456,23,3674.0,624.4612,0
1696309200000,0.1699,0.17,0.1696,0.1698,7421.0,1696310099999,1260.2853,20,6244.0,1060.3681,0
1696310100000,0.1697,0.1697,0.1695,0.1696,3465.0,1696310999999,587.7986,14,2738.0,464.5041,0
1696311000000,0.1696,0.17,0.1696,0.1699,7157.0,1696311899999,1215.5979,17,4843.0,822.4261,0
1696311900000,0.17,0.1701,0.1696,0.1696,4883.0,1696312799999,829.2712,17,3723.0,632.3662,0
1696312800000,0.1695,0.1697,0.1693,0.1697,25639.0,1696313699999,4344.8874,37,22440.0,3803.063,0
1696313700000,0.1697,0.1698,0.1696,0.1697,5922.0,1696314599999,1004.8859,15,2271.0,385.4281,0
1696314600000,0.1698,0.1705,0.1697,0.1703,89318.0,1696315499999,15212.6547,79,61452.0,10468.425,0
1696315500000,0.1704,0.1707,0.1703,0.1703,18253.0,1696316399999,3112.9926,30,6785.0,1157.8905,0
1696316400000,0.1704,0.1706,0.1703,0.1706,6999.0,1696317299999,1193.3375,16,2318.0,395.2607,0
1696317300000,0.1704,0.1705,0.1701,0.1704,44059.0,1696318199999,7506.0205,38,39181.0,6675.8083,0
1696318200000,0.1703,0.1703,0.17,0.17,29470.0,1696319099999,5012.6153,43,8355.0,1421.4383,0
1696319100000,0.1701,0.1701,0.1699,0.1699,6510.0,1696319999999,1106.7422,12,3587.0,609.824,0
1696320000000,0.17,0.1703,0.17,0.1703,77697.0,1696320899999,13226.3255,48,76762.0,13067.1763,0
1696320900000,0.1704,0.171,0.1704,0.1709,38926.0,1696321799999,6649.6792,54,35447.0,6055.7494,0
1696321800000,0.171,0.171,0.1708,0.171,71452.0,1696322699999,12218.2042,40,6031.0,1031.2816,0
1696322700000,0.1711,0.1712,0.1709,0.171,27729.0,1696323599999,4743.7225,43,16772.0,2869.9462,0
1696323600000,0.1711,0.1712,0.1707,0.171,67743.0,1696324499999,11587.1616,80,32326.0,5529.5798,0
1696324500000,0.171,0.1712,0.1706,0.1706,42301.0,1696325399999,7235.036,56,4445.0,759.9842,0
1696325400000,0.1706,0.1711,0.1706,0.171,24872.0,1696326299999,4250.958,44,17414.0,2976.3238,0
1696326300000,0.1709,0.171,0.1707,0.1707,8596.0,1696327199999,1469.4944,27,2503.0,427.9804,0
1696327200000,0.1708,0.1708,0.1704,0.1704,13181.0,1696328099999,2249.8829,35,8488.0,1449.4728,0
1696328100000,0.1704,0.1705,0.1698,0.17,62404.0,1696328999999,10612.4044,48,10935.0,1859.0101,0
1696329000000,0.17,0.1704,0.17,0.1701,30685.0,1696329899999,5222.1716,47,17104.0,2910.9065,0
1696329900000,0.1703,0.171,0.1703,0.171,141666.0,1696330799999,24190.2872,130,81662.0,13939.2095,0
1696330800000,0.171,0.1711,0.1701,0.1701,30643.0,1696331699999,5224.4731,42,14465.0,2467.1685,0
1696331700000,0.17,0.1702,0.1695,0.1696,58058.0,1696332599999,9858.4696,62,8866.0,1506.3506,0
1696332600000,0.1695,0.1699,0.1692,0.1698,44301.0,1696333499999,7504.3004,41,7239.0,1227.9154,0
1696333500000,0.17,0.17,0.1698,0.1698,5163.0,1696334399999,876.7628,10,4166.0,707.3868,0
1696334400000,0.1698,0.17,0.1688,0.1691,174361.0,1696335299999,29511.1655,140,17839.0,3021.2461,0
1696335300000,0.169,0.1691,0.1684,0.1689,117016.0,1696336199999,19739.3645,144,38476.0,6493.8691,0
1696336200000,0.1689,0.1691,0.1688,0.1691,7105.0,1696337099999,1201.1927,15,3149.0,532.3582,0
1696337100000,0.1692,0.1693,0.169,0.1693,11736.0,1696337999999,1984.8278,24,4292.0,726.4594,0
1696338000000,0.1694,0.1694,0.1688,0.1693,32766.0,1696338899999,5542.8229,37,24151.0,4086.4211,0
1696338900000,0.1693,0.1702,0.1693,0.1702,93651.0,1696339799999,15911.0262,88,44024.0,7478.9239,0
1696339800000,0.1704,0.1709,0.1703,0.1709,23727.0,1696340699999,4045.7983,43,15964.0,2722.889,0
1696340700000,0.1708,0.1708,0.1704,0.1704,13036.0,1696341599999,2223.758,29,1776.0,303.0198,0
1696341600000,0.1703,0.1703,0.1688,0.1697,162678.0,1696342499999,27532.2752,158,18563.0,3146.1288,0
1696342500000,0.1695,0.1696,0.1688,0.1689,36605.0,1696343399999,6194.5436,60,13026.0,2204.7286,0
1696343400000,0.1689,0.1695,0.1688,0.1694,32909.0,1696344299999,5567.9043,59,21312.0,3607.0247,0
1696344300000,0.1694,0.1694,0.1683,0.1684,62469.0,1696345199999,10526.9883,100,14076.0,2372.4381,0
1696345200000,0.1683,0.1687,0.1679,0.1685,37969.0,1696346099999,6389.2912,70,22056.0,3714.1576,0
1696346100000,0.1685,0.169,0.1685,0.169,4550.0,1696346999999,767.7573,16,2229.0,376.1742,0
1696347000000,0.1689,0.1689,0.1681,0.1681,7569.0,1696347899999,1275.3173,22,2886.0,485.6436,0
1696347900000,0.1682,0.1683,0.1675,0.168,111116.0,1696348799999,18628.7405,97,20544.0,3447.9609,0
1696348800000,0.1679,0.1681,0.1676,0.168,29501.0,1696349699999,4953.1308,65,10887.0,1828.262,0
1696349700000,0.1681,0.1688,0.1681,0.1688,34993.0,1696350599999,5893.7213,53,14751.0,2485.555,0
1696350600000,0.1688,0.1691,0.1687,0.169,11899.0,1696351499999,2009.6628,31,4546.0,767.8839,0
1696351500000,0.169,0.1691,0.1688,0.1691,13436.0,1696352399999,2270.1794,25,8085.0,1365.9287,0
1696352400000,0.169,0.1694,0.169,0.1692,12264.0,1696353299999,2073.9756,24,6366.0,1076.1769,0
1696353300000,0.169,0.1692,0.169,0.1692,432.0,1696354199999,73.0664,3,380.0,64.268,0
1696354200000,0.1693,0.1694,0.1688,0.1688,4569.0,1696355099999,772.8293,18,1029.0,174.1664,0
1696355100000,0.1689,0.1689,0.1687,0.1689,58281.0,1696355999999,9843.2155,64,28277.0,4775.9318,0
1696356000000,0.1688,0.169,0.1687,0.169,21444.0,1696356899999,3620.8977,49,11456.0,1934.9889,0
1696356900000,0.1691,0.1693,0.1691,0.1692,8054.0,1696357799999,1362.5908,20,2501.0,423.0074,0
1696357800000,0.1689,0.1689,0.1685,0.1687,8038.0,1696358699999,1355.9834,22,2861.0,482.6393,0
1696358700000,0.1688,0.1688,0.168,0.1681,20515.0,1696359599999,3451.9331,47,5448.0,917.6166,0
1696359600000,0.1682,0.1688,0.1678,0.1688,43337.0,1696360499999,7293.266,50,10457.0,1759.3983,0
1696360500000,0.1688,0.1689,0.1687,0.1687,6375.0,1696361399999,1076.2291,13,1370.0,231.3871,0
1696361400000,0.1688,0.1688,0.1679,0.168,36396.0,1696362299999,6119.7871,42,15306.0,2573.3351,0
1696362300000,0.168,0.168,0.1675,0.1677,11966.0,1696363199999,2007.7312,27,6062.0,1016.7735,0
1696363200000,0.1677,0.1686,0.1673,0.1686,76094.0,1696364099999,12761.6499,111,33618.0,5643.5364,0
1696364100000,0.1687,0.1691,0.1686,0.1691,24428.0,1696364999999,4124.7955,37,18354.0,3099.1837,0
1696365000000,0.169,0.169,0.1682,0.1684,59574.0,1696365899999,10038.2684,58,3955.0,666.9725,0
1696365900000,0.1684,0.1685,0.1682,0.1682,37498.0,1696366799999,6308.3342,40,35124.0,5908.5787,0
1696366800000,0.1683,0.1683,0.1681,0.1682,17248.0,1696367699999,2900.5291,30,2412.0,405.7522,0
1696367700000,0.1682,0.1682,0.1678,0.168,23050.0,1696368599999,3872.12,41,11446.0,1922.5577,0
1696368600000,0.168,0.168,0.1676,0.1676,17311.0,1696369499999,2904.2584,28,9923.0,1664.3447,0
1696369500000,0.1676,0.168,0.1676,0.1679,5959.0,1696370399999,999.2422,14,4479.0,750.8797,0
1696370400000,0.1677,0.1679,0.1675,0.1678,23030.0,1696371299999,3860.1284,25,2218.0,372.1184,0
1696371300000,0.1676,0.168,0.1675,0.1678,75616.0,1696372199999,12678.9845,95,61374.0,10291.4288,0
1696372200000,0.1677,0.1679,0.1676,0.1677,48743.0,1696373099999,8176.1653,86,35303.0,5921.8448,0
1696373100000,0.1677,0.1682,0.1671,0.1682,42710.0,1696373999999,7157.6304,73,27424.0,4599.0373,0
1696374000000,0.1683,0.1686,0.1678,0.168,86784.0,1696374899999,14597.6752,100,26444.0,4450.6972,0
1696374900000,0.1679,0.1679,0.1672,0.1675,22947.0,1696375799999,3844.6035,59,17063.0,2859.7819,0
1696375800000,0.1676,0.1676,0.167,0.1675,101411.0,1696376699999,16967.686,84,52860.0,8851.2559,0
1696376700000,0.1674,0.1676,0.1672,0.1672,21279.0,1696377599999,3562.1655,33,8932.0,1495.4478,0
1696377600000,0.1672,0.1673,0.1657,0.1659,198924.0,1696378499999,33045.4067,257,37559.0,6247.7185,0
1696378500000,0.166,0.1662,0.1635,0.1642,310811.0,1696379399999,51244.962,485,93206.0,15375.3397,0
1696379400000,0.1642,0.1643,0.16,0.1618,734113.0,1696380299999,118948.2747,1121,347354.0,56296.2466,0
1696380300000,0.1617,0.1631,0.1617,0.1624,277853.0,1696381199999,45162.5316,284,179593.0,29195.3159,0
1696381200000,0.1623,0.1633,0.1618,0.1633,137501.0,1696382099999,22332.0333,167,80307.0,13038.8036,0
1696382100000,0.163,0.1633,0.1624,0.1632,24478.0,1696382999999,3985.2941,37,7542.0,1230.1282,0
1696383000000,0.1631,0.1631,0.1623,0.163,68231.0,1696383899999,11089.8591,83,45436.0,7381.4731,0
1696383900000,0.1631,0.1631,0.1628,0.163,20025.0,1696384799999,3262.3283,30,4199.0,684.6487,0
1696384800000,0.1629,0.1637,0.1627,0.1637,49411.0,1696385699999,8064.766,72,34658.0,5658.6235,0
1696385700000,0.1637,0.1643,0.1636,0.1641,37016.0,1696386599999,6070.6391,64,21109.0,3463.2297,0
1696386600000,0.1641,0.1644,0.164,0.164,17133.0,1696387499999,2812.7079,48,11706.0,1921.9044,0
1696387500000,0.164,0.1644,0.164,0.1644,27877.0,1696388399999,4576.0276,66,8219.0,1350.2045,0
1696388400000,0.1642,0.1647,0.1641,0.1647,17387.0,1696389299999,2858.4936,63,11274.0,1854.4619,0
1696389300000,0.1647,0.1651,0.1647,0.1647,24427.0,1696390199999,4028.0566,38,17928.0,2956.1291,0
1696390200000,0.1647,0.1647,0.1641,0.1641,66096.0,1696391099999,10865.8699,64,24874.0,4091.1419,0
1696391100000,0.1642,0.1643,0.1638,0.1641,65629.0,1696391999999,10770.1758,66,4705.0,772.3852,0
1696392000000,0.164,0.1641,0.1636,0.1636,29871.0,1696392899999,4890.047,29,7052.0,1154.3288,0
1696392900000,0.1637,0.164,0.1636,0.164,8900.0,1696393799999,1458.1069,27,6432.0,1053.812,0
1696393800000,0.164,0.1642,0.1638,0.1638,9310.0,1696394699999,1526.8574,19,8837.0,1449.356,0
1696394700000,0.1639,0.1639,0.1636,0.1637,19910.0,1696395599999,3261.571,24,16870.0,2763.9445,0
1696395600000,0.1635,0.164,0.1634,0.164,47115.0,1696396499999,7702.9812,44,30688.0,5016.9177,0
1696396500000,0.1639,0.1646,0.1638,0.1646,16386.0,1696397399999,2691.5428,57,13259.0,2178.5727,0
1696397400000,0.1646,0.1648,0.1645,0.1645,16408.0,1696398299999,2701.7047,32,7905.0,1301.8423,0
1696398300000,0.1647,0.1648,0.1645,0.1646,12232.0,1696399199999,2013.4145,19,6425.0,1057.6692,0
1696399200000,0.1647,0.1648,0.1644,0.1644,10817.0,1696400099999,1779.8675,14,9146.0,1504.8902,0
1696400100000,0.1646,0.1646,0.1642,0.1642,41136.0,1696400999999,6759.2233,39,8703.0,1431.0893,0
1696401000000,0.1642,0.1645,0.164,0.1645,38091.0,1696401899999,6261.8179,52,30989.0,5094.3291,0
1696401900000,0.1646,0.1652,0.1646,0.1651,19351.0,1696402799999,3191.2865,46,12812.0,2113.0039,0
1696402800000,0.1651,0.1657,0.1651,0.1653,168838.0,1696403699999,27940.4015,139,126313.0,20909.9632,0
1696403700000,0.1653,0.1654,0.1649,0.165,10129.0,1696404599999,1672.5574,16,3152.0,521.2069,0
1696404600000,0.1651,0.1651,0.1648,0.165,11213.0,1696405499999,1849.4122,25,7633.0,1259.3358,0
1696405500000,0.1652,0.1652,0.1648,0.1652,28158.0,1696406399999,4645.9448,36,17382.0,2868.3755,0
1696406400000,0.1652,0.1653,0.165,0.1652,52655.0,1696407299999,8696.5226,63,27953.0,4617.3018,0
1696407300000,0.1653,0.1657,0.1652,0.1656,28653.0,1696408199999,4741.0693,28,23764.0,3933.0707,0
1696408200000,0.1655,0.1665,0.1655,0.1663,41023.0,1696409099999,6815.7918,69,27273.0,4529.0523,0
1696409100000,0.1663,0.1663,0.1659,0.1662,66142.0,1696409999999,10987.3794,69,41511.0,6898.5468,0
1696410000000,0.1661,0.1663,0.1659,0.1663,31930.0,1696410899999,5305.113,46,7692.0,1278.6755,0
1696410900000,0.1662,0.1664,0.1661,0.1663,36491.0,1696411799999,6066.8452,51,18099.0,3010.3344,0
1696411800000,0.1663,0.1667,0.1663,0.1667,21169.0,1696412699999,3527.344,40,20544.0,3423.2711,0
1696412700000,0.1667,0.167,0.1665,0.1669,33644.0,1696413599999,5611.3932,57,23961.0,3997.5365,0
1696413600000,0.1667,0.1668,0.1664,0.1666,77456.0,1696414499999,12901.0864,77,37885.0,6310.6898,0
1696414500000,0.1666,0.1666,0.1661,0.1663,49753.0,1696415399999,8273.4507,58,3448.0,573.6007,0
1696415400000,0.1662,0.1665,0.1662,0.1665,40304.0,1696416299999,6706.9271,57,21783.0,3625.3872,0
1696416300000,0.1664,0.1664,0.1654,0.1655,66197.0,1696417199999,10976.5029,109,17073.0,2832.0651,0
1696417200000,0.1655,0.1657,0.1654,0.1654,16050.0,1696418099999,2655.7802,49,5092.0,842.8632,0
1696418100000,0.1655,0.1656,0.1655,0.1656,4063.0,1696418999999,672.5885,9,2601.0,430.6048,0
1696419000000,0.1657,0.166,0.1657,0.166,38664.0,1696419899999,6416.9595,31,19976.0,3314.7515,0
1696419900000,0.166,0.166,0.1659,0.166,6618.0,1696420799999,1098.251,16,3945.0,654.7425,0
1696420800000,0.1661,0.1661,0.1659,0.1659,14726.0,1696421699999,2444.6485,24,1803.0,299.4181,0
1696421700000,0.166,0.167,0.166,0.1668,74957.0,1696422599999,12492.714,72,68911.0,11485.3996,0
1696422600000,0.1667,0.167,0.1665,0.1667,52704.0,1696423499999,8784.2759,61,14615.0,2435.6527,0
1696423500000,0.1668,0.1668,0.1662,0.1665,29581.0,1696424399999,4926.2083,59,16413.0,2733.1472,0
1696424400000,0.1664,0.1664,0.166,0.166,15329.0,1696425299999,2546.337,26,9274.0,1540.6862,0
1696425300000,0.1661,0.1661,0.1653,0.1655,113635.0,1696426199999,18839.6635,71,23120.0,3833.9539,0
1696426200000,0.1654,0.1655,0.1647,0.165,81029.0,1696427099999,13383.2319,90,44714.0,7386.1432,0
1696427100000,0.1649,0.1651,0.1645,0.1648,69007.0,1696427999999,11367.9692,103,24059.0,3964.3229,0
1696428000000,0.1648,0.1651,0.1643,0.1649,56072.0,1696428899999,9233.0009,96,20345.0,3351.052,0
1696428900000,0.1647,0.1648,0.1643,0.1643,27231.0,1696429799999,4480.879,43,15789.0,2598.7733,0
1696429800000,0.1644,0.1648,0.1641,0.1646,37597.0,1696430699999,6184.2849,62,9237.0,1520.5913,0
1696430700000,0.1646,0.1646,0.1641,0.1646,20318.0,1696431599999,3338.1437,38,4697.0,772.2595,0
1696431600000,0.1645,0.1657,0.1645,0.1651,310518.0,1696432499999,51280.7653,279,130826.0,21619.6285,0
1696432500000,0.1652,0.1652,0.1648,0.165,30316.0,1696433399999,5001.4746,51,8730.0,1440.3858,0
1696433400000,0.1651,0.1653,0.1649,0.165,9008.0,1696434299999,1486.9058,18,5168.0,853.0183,0
1696434300000,0.1649,0.165,0.1644,0.1645,31558.0,1696435199999,5196.5425,67,13135.0,2163.3966,0
1696435200000,0.1644,0.1644,0.1642,0.1643,12333.0,1696436099999,2025.9113,20,2919.0,479.4527,0
1696436100000,0.1645,0.1652,0.1645,0.1652,23319.0,1696436999999,3843.1443,41,15233.0,2510.9776,0
1696437000000,0.1649,0.1657,0.1649,0.1653,25945.0,1696437899999,4283.6908,40,9565.0,1581.209,0
1696437900000,0.1654,0.1655,0.1649,0.1649,16278.0,1696438799999,2686.5855,23,2721.0,449.9326,0
1696438800000,0.1651,0.1656,0.1649,0.1656,68942.0,1696439699999,11411.6003,50,45019.0,7450.7571,0
1696439700000,0.1656,0.1656,0.1652,0.1656,3317.0,1696440599999,548.7191,11,2191.0,362.6149,0
1696440600000,0.1654,0.1654,0.1652,0.1654,10035.0,1696441499999,1659.4494,12,7728.0,1278.0292,0
1696441500000,0.1654,0.1654,0.1653,0.1653,943.0,1696442399999,155.8812,3,333.0,55.0482,0
1696442400000,0.1653,0.1656,0.1652,0.1656,13980.0,1696443299999,2311.3667,23,11486.0,1899.1071,0
1696443300000,0.1657,0.166,0.1657,0.166,9787.0,1696444199999,1623.4181,26,7443.0,1234.8102,0
1696444200000,0.166,0.166,0.1653,0.1653,18052.0,1696445099999,2987.7464,32,2412.0,399.0174,0
1696445100000,0.1653,0.1657,0.1651,0.1657,13096.0,1696445999999,2165.9713,30,4121.0,681.9445,0
1696446000000,0.1657,0.1672,0.1657,0.1668,146905.0,1696446899999,24500.0051,126,81730.0,13618.5718,0
1696446900000,0.1669,0.167,0.1663,0.1664,14193.0,1696447799999,2364.9841,28,7810.0,1300.3341,0
1696447800000,0.1663,0.1664,0.1654,0.1659,30742.0,1696448699999,5098.3312,65,9250.0,1534.1035,0
1696448700000,0.1663,0.1666,0.1661,0.1663,11034.0,1696449599999,1834.5089,38,4859.0,808.3055,0
1696449600000,0.1663,0.1669,0.166,0.1669,24710.0,1696450499999,4111.2034,111,16011.0,2664.3453,0
1696450500000,0.1669,0.167,0.1667,0.1669,15026.0,1696451399999,2506.6631,26,2636.0,439.9425,0
1696451400000,0.1668,0.167,0.1667,0.1669,14808.0,1696452299999,2470.5886,24,9661.0,1612.2733,0
1696452300000,0.1668,0.1668,0.1665,0.1665,7911.0,1696453199999,1317.9752,25,2106.0,350.8891,0
1696453200000,0.1665,0.1669,0.1665,0.1669,7632.0,1696454099999,1271.8982,24,5029.0,838.1967,0
1696454100000,0.1668,0.1669,0.1666,0.1668,35921.0,1696454999999,5987.9956,38,3304.0,551.1211,0
1696455000000,0.1668,0.167,0.1667,0.167,46775.0,1696455899999,7808.179,58,36988.0,6175.2771,0
1696455900000,0.1669,0.1669,0.1667,0.1669,4521.0,1696456799999,754.2091,13,2396.0,399.7374,0
1696456800000,0.1669,0.1669,0.1669,0.1669,1292.0,1696457699999,215.6348,5,1292.0,215.6348,0
1696457700000,0.1668,0.1671,0.1668,0.1671,13311.0,1696458599999,2221.5434,23,11112.0,1854.7042,0
1696458600000,0.1671,0.1673,0.1671,0.1672,17146.0,1696459499999,2866.6588,31,5788.0,967.7339,0
1696459500000,0.1673,0.1675,0.1671,0.1672,38449.0,1696460399999,6427.4011,38,3551.0,594.1635,0
1696460400000,0.1673,0.1673,0.167,0.1671,10279.0,1696461299999,1718.0749,28,4187.0,699.7183,0
1696461300000,0.1671,0.1674,0.1669,0.1669,15892.0,1696462199999,2656.485,33,5341.0,892.8933,0
1696462200000,0.1669,0.167,0.1667,0.1667,11982.0,1696463099999,1998.3951,18,5495.0,916.4138,0
1696463100000,0.1667,0.1667,0.1665,0.1665,5473.0,1696463999999,911.9155,10,599.0,99.8291,0
1696464000000,0.1666,0.1667,0.1659,0.1659,111871.0,1696464899999,18599.9006,107,81655.0,13580.5882,0
1696464900000,0.1659,0.1663,0.1659,0.1662,15996.0,1696465799999,2656.0327,46,5353.0,888.669,0
1696465800000,0.1661,0.1664,0.166,0.1664,16420.0,1696466699999,2727.8553,45,9661.0,1604.936,0
1696466700000,0.1668,0.1673,0.1668,0.1671,24027.0,1696467599999,4014.3435,39,18928.0,3162.553,0
1696467600000,0.167,0.167,0.1661,0.1663,38678.0,1696468499999,6439.8389,141,19313.0,3214.6702,0
1696468500000,0.1662,0.1663,0.1658,0.1659,19677.0,1696469399999,3266.4861,37,6237.0,1035.7212,0
1696469400000,0.1659,0.166,0.1655,0.1659,14347.0,1696470299999,2379.9978,33,10460.0,1735.6848,0
1696470300000,0.1658,0.1662,0.1658,0.1661,2737.0,1696471199999,454.6481,12,811.0,134.7089,0
1696471200000,0.1661,0.1661,0.1657,0.1657,8586.0,1696472099999,1424.6566,14,4530.0,751.7554,0
1696472100000,0.1656,0.1656,0.1654,0.1654,4945.0,1696472999999,818.3863,9,3058.0,505.8991,0
1696473000000,0.1654,0.1656,0.1654,0.1655,5119.0,1696473899999,847.1838,14,4281.0,708.4811,0
1696473900000,0.1657,0.1659,0.1657,0.1658,2256.0,1696474799999,374.0856,11,1965.0,325.833,0
1696474800000,0.1657,0.1658,0.1656,0.1658,1997.0,1696475699999,330.9843,10,1853.0,307.1307,0
1696475700000,0.166,0.1662,0.1658,0.1661,11348.0,1696476599999,1882.8186,22,2173.0,360.654,0
1696476600000,0.1661,0.1661,0.1659,0.1661,3477.0,1696477499999,577.0499,10,1447.0,240.2525,0
1696477500000,0.1659,0.1659,0.1654,0.1655,7905.0,1696478399999,1309.5512,11,1261.0,208.6821,0
1696478400000,0.1655,0.1658,0.1653,0.1658,6352.0,1696479299999,1051.7349,24,5007.0,829.1341,0
1696479300000,0.1658,0.1661,0.1658,0.1661,6073.0,1696480199999,1007.8793,19,5189.0,861.252,0
1696480200000,0.1659,0.166,0.1659,0.1659,10840.0,1696481099999,1798.4173,15,8839.0,1466.4514,0
1696481100000,0.1661,0.1664,0.1661,0.1664,18045.0,1696481999999,3000.7501,53,13814.0,2297.2237,0
1696482000000,0.1664,0.1666,0.1661,0.1666,24733.0,1696482899999,4113.4255,40,18743.0,3117.4253,0
1696482900000,0.1665,0.1665,0.1662,0.1662,7198.0,1696483799999,1198.3156,17,214.0,35.5882,0
1696483800000,0.1662,0.1665,0.1662,0.1665,36759.0,1696484699999,6117.7915,52,20667.0,3439.6822,0
1696484700000,0.1666,0.167,0.166,0.1669,205970.0,1696485599999,34301.0422,172,167920.0,27978.7102,0
1696485600000,0.1669,0.167,0.1665,0.1665,58347.0,1696486499999,9730.3902,70,41998.0,7005.7801,0
1696486500000,0.1665,0.1666,0.1659,0.166,3691.0,1696487399999,613.5205,13,513.0,85.3817,0
1696487400000,0.1658,0.1665,0.1658,0.1665,21187.0,1696488299999,3524.4733,31,12288.0,2045.4246,0
1696488300000,0.1665,0.1665,0.1664,0.1664,4509.0,1696489199999,750.5088,14,1883.0,313.4953,0
1696489200000,0.1665,0.1667,0.1663,0.1665,12826.0,1696490099999,2136.3053,25,6149.0,1024.4073,0
1696490100000,0.1665,0.1667,0.166,0.1662,84049.0,1696490999999,13988.5584,77,31477.0,5242.2078,0
1696491000000,0.1661,0.1663,0.1658,0.1663,69643.0,1696491899999,11560.7013,52,15101.0,2507.9767,0
1696491900000,0.1662,0.1663,0.166,0.1662,23505.0,1696492799999,3905.5549,30,6783.0,1127.5627,0
1696492800000,0.1663,0.1665,0.1659,0.1659,15551.0,1696493699999,2586.1477,18,3039.0,505.6925,0
1696493700000,0.1658,0.1658,0.1653,0.1657,106292.0,1696494599999,17592.3048,98,11084.0,1836.3789,0
1696494600000,0.1656,0.166,0.1656,0.166,24354.0,1696495499999,4039.336,62,13030.0,2160.8137,0
1696495500000,0.166,0.1663,0.1658,0.1661,74425.0,1696496399999,12361.3119,79,21162.0,3514.9725,0
1696496400000,0.1662,0.1665,0.166,0.1663,36948.0,1696497299999,6139.959,75,32361.0,5377.4885,0
1696497300000,0.1664,0.1669,0.1664,0.1666,43253.0,1696498199999,7209.0869,64,24452.0,4076.9144,0
1696498200000,0.1666,0.1669,0.1666,0.1668,46562.0,1696499099999,7762.3962,87,33173.0,5530.1573,0
1696499100000,0.1667,0.1668,0.1666,0.1667,5085.0,1696499999999,847.6338,16,3139.0,523.3051,0
1696500000000,0.1667,0.1668,0.1666,0.1666,16468.0,1696500899999,2743.8861,11,1908.0,318.0696,0
1696500900000,0.1666,0.1668,0.1664,0.1667,84519.0,1696501799999,14079.3214,33,16540.0,2755.5444,0
1696501800000,0.1666,0.1669,0.1666,0.1669,31332.0,1696502699999,5222.2504,49,16608.0,2768.7935,0
1696502700000,0.1669,0.1672,0.1669,0.1672,48759.0,1696503599999,8143.8978,71,42131.0,7036.6774,0
1696503600000,0.1671,0.1672,0.1671,0.1672,10216.0,1696504499999,1707.0937,12,1196.0,199.8517,0
1696504500000,0.1671,0.1671,0.1669,0.1671,20116.0,1696505399999,3360.7831,25,17521.0,2927.493,0
1696505400000,0.167,0.1672,0.1669,0.1671,11843.0,1696506299999,1978.0249,27,5980.0,999.1114,0
1696506300000,0.1671,0.1671,0.1669,0.167,15145.0,1696507199999,2529.1496,31,8479.0,1416.065,0
1696507200000,0.1668,0.1669,0.1665,0.1665,34376.0,1696508099999,5731.9237,32,8816.0,1471.3734,0
1696508100000,0.1666,0.1667,0.1661,0.1662,8844.0,1696508999999,1472.8046,35,6807.0,1133.7722,0
1696509000000,0.1661,0.1663,0.166,0.1661,16631.0,1696509899999,2762.4033,30,10568.0,1755.5214,0
1696509900000,0.166,0.1661,0.1658,0.1659,9681.0,1696510799999,1605.7488,18,2662.0,441.6752,0
1696510800000,0.1659,0.1667,0.1658,0.1667,36977.0,1696511699999,6153.3893,47,31735.0,5281.754,0
1696511700000,0.1668,0.1671,0.1665,0.1668,28111.0,1696512599999,4691.4824,58,15182.0,2533.3981,0
1696512600000,0.1669,0.1676,0.1666,0.1667,60646.0,1696513499999,10136.1885,101,39207.0,6552.9265,0
1696513500000,0.1667,0.1669,0.1662,0.1667,13876.0,1696514399999,2312.7948,24,2662.0,443.4405,0
1696514400000,0.1667,0.1667,0.1663,0.1664,10416.0,1696515299999,1733.693,24,4014.0,668.0841,0
1696515300000,0.1667,0.1668,0.1664,0.1665,5223.0,1696516199999,870.1836,14,2320.0,386.6661,0
1696516200000,0.1665,0.1667,0.1662,0.1663,11580.0,1696517099999,1927.8467,31,6025.0,1003.0082,0
1696517100000,0.1663,0.1664,0.166,0.1662,28915.0,1696517999999,4804.9256,33,13109.0,2178.078,0
1696518000000,0.1662,0.1662,0.1647,0.1653,144362.0,1696518899999,23846.2444,190,49787.0,8227.0559,0
1696518900000,0.1653,0.1656,0.165,0.1651,90461.0,1696519799999,14948.8129,68,9831.0,1625.2172,0
1696519800000,0.1651,0.1651,0.1636,0.1651,136280.0,1696520699999,22417.6229,283,56039.0,9215.0235,0
1696520700000,0.1649,0.1653,0.1644,0.1644,47076.0,1696521599999,7760.4461,65,13072.0,2155.3731,0
1696521600000,0.1644,0.1651,0.1641,0.1651,56687.0,1696522499999,9321.3683,78,33890.0,5574.3555,0
1696522500000,0.1651,0.1653,0.1647,0.1651,32658.0,1696523399999,5390.1835,68,12908.0,2130.4918,0
1696523400000,0.1648,0.1648,0.1641,0.1641,21060.0,1696524299999,3463.7673,30,14225.0,2341.6872,0
1696524300000,0.1641,0.1644,0.1636,0.1639,27183.0,1696525199999,4453.1569,44,6084.0,997.0508,0
1696525200000,0.1639,0.164,0.1634,0.1639,19517.0,1696526099999,3197.6137,49,14193.0,2326.3116,0
1696526100000,0.1639,0.1643,0.1635,0.1643,35820.0,1696526999999,5870.4222,70,20536.0,3366.168,0
1696527000000,0.1641,0.1644,0.1641,0.1642,12659.0,1696527899999,2079.0855,41,3529.0,579.6697,0
1696527900000,0.1641,0.1645,0.1641,0.1643,21562.0,1696528799999,3541.5267,38,14685.0,2412.4707,0
1696528800000,0.1642,0.1644,0.1639,0.1642,30180.0,1696529699999,4952.7466,57,6834.0,1121.9193,0
1696529700000,0.1642,0.1642,0.1639,0.1639,3174.0,1696530599999,520.7072,13,2412.0,395.6331,0
1696530600000,0.1639,0.1648,0.1639,0.1648,30278.0,1696531499999,4965.7966,27,17889.0,2933.1858,0
1696531500000,0.1647,0.1648,0.1645,0.1646,6223.0,1696532399999,1024.6721,15,4865.0,801.1325,0
1696532400000,0.1647,0.1648,0.1645,0.1648,11626.0,1696533299999,1914.9595,17,5746.0,946.6519,0
1696533300000,0.1647,0.1648,0.1647,0.1648,2209.0,1696534199999,363.874,6,698.0,115.0123,0
1696534200000,0.1647,0.1647,0.1645,0.1645,5653.0,1696535099999,930.2683,14,1212.0,199.5296,0
1696535100000,0.1646,0.1647,0.1644,0.1647,8761.0,1696535999999,1440.989,24,3303.0,543.5902,0
1696536000000,0.1647,0.1651,0.1647,0.1648,40345.0,1696536899999,6657.1026,27,12683.0,2092.9168,0
1696536900000,0.1652,0.1653,0.1651,0.1653,13488.0,1696537799999,2228.0954,19,5629.0,930.2642,0
1696537800000,0.1653,0.1654,0.165,0.165,23032.0,1696538699999,3805.1163,36,10355.0,1710.9052,0
1696538700000,0.1649,0.165,0.1648,0.165,3861.0,1696539599999,636.4369,6,606.0,99.9678,0
1696539600000,0.1651,0.1653,0.1651,0.1653,3105.0,1696540499999,513.1033,7,2278.0,376.4002,0
1696540500000,0.1653,0.1653,0.1649,0.1649,1720.0,1696541399999,283.8393,9,1440.0,237.5613,0
1696541400000,0.1649,0.165,0.1648,0.165,12652.0,1696542299999,2086.9088,24,4290.0,707.7374,0
1696542300000,0.1649,0.165,0.1647,0.1647,15297.0,1696543199999,2522.3919,25,6666.0,1099.6529,0
1696543200000,0.1648,0.165,0.1643,0.1644,35919.0,1696544099999,5917.3327,51,17632.0,2907.1836,0
1696544100000,0.1644,0.1646,0.1642,0.1646,12951.0,1696544999999,2129.1694,18,7341.0,1207.0414,0
1696545000000,0.1647,0.165,0.1647,0.165,2311.0,1696545899999,380.7615,4,1038.0,170.9586,0
1696545900000,0.165,0.1651,0.1647,0.165,13013.0,1696546799999,2147.1415,20,8190.0,1351.6676,0
1696546800000,0.165,0.165,0.165,0.165,50.0,1696547699999,8.25,1,50.0,8.25,0
1696547700000,0.1649,0.1649,0.1643,0.1644,10912.0,1696548599999,1794.6418,26,4364.0,717.7274,0
1696548600000,0.1644,0.1645,0.1642,0.1642,52897.0,1696549499999,8691.1775,68,7006.0,1151.8076,0
1696549500000,0.1643,0.1643,0.1637,0.1641,48754.0,1696550399999,7996.2362,77,24149.0,3963.1223,0
1696550400000,0.1641,0.165,0.164,0.1648,31123.0,1696551299999,5123.4076,72,20555.0,3385.4272,0
1696551300000,0.1647,0.1649,0.1645,0.1649,45944.0,1696552199999,7569.2444,51,4554.0,750.2168,0
1696552200000,0.1648,0.1649,0.1647,0.1649,10995.0,1696553099999,1812.441,15,9771.0,1610.8411,0
1696553100000,0.1648,0.1649,0.1646,0.1646,4564.0,1696553999999,751.3581,11,4100.0,674.9484,0
1696554000000,0.1647,0.1653,0.1646,0.165,27577.0,1696554899999,4552.1128,38,19836.0,3275.8297,0
1696554900000,0.1649,0.1649,0.1645,0.1645,19315.0,1696555799999,3180.1808,24,1370.0,225.8301,0
1696555800000,0.1647,0.1651,0.1647,0.1651,24747.0,1696556699999,4081.6005,32,19400.0,3199.3971,0
1696556700000,0.1652,0.1655,0.1651,0.1651,39740.0,1696557599999,6572.4018,51,29497.0,4879.6416,0
1696557600000,0.1651,0.1657,0.1651,0.1656,14511.0,1696558499999,2401.5181,28,9190.0,1520.6025,0
1696558500000,0.1655,0.1657,0.1651,0.1657,16853.0,1696559399999,2787.0219,29,5740.0,950.0251,0
1696559400000,0.1656,0.1658,0.1656,0.1657,11312.0,1696560299999,1874.3996,17,8304.0,1375.974,0
1696560300000,0.1658,0.1659,0.1658,0.1658,3441.0,1696561199999,570.6113,9,2106.0,349.2683,0
1696561200000,0.1658,0.1658,0.1654,0.1656,2980.0,1696562099999,493.2818,11,603.0,99.8336,0
1696562100000,0.1656,0.1656,0.1654,0.1654,1647.0,1696562999999,272.583,4,255.0,42.207,0
1696563000000,0.1655,0.1658,0.1655,0.1657,11674.0,1696563899999,1933.8111,16,2948.0,488.2623,0
1696563900000,0.1658,0.166,0.1657,0.166,9381.0,1696564799999,1555.869,19,5381.0,892.5106,0
1696564800000,0.1659,0.1659,0.1653,0.1654,14237.0,1696565699999,2355.8551,31,6220.0,1028.8398,0
1696565700000,0.1654,0.1654,0.1651,0.1653,2014.0,1696566599999,332.8426,6,1024.0,169.2612,0
1696566600000,0.1654,0.1655,0.1654,0.1654,14900.0,1696567499999,2465.004,20,6950.0,1149.983,0
1696567500000,0.1654,0.1655,0.1651,0.1651,22258.0,1696568399999,3680.8909,39,13109.0,2168.2274,0
1696568400000,0.1653,0.1653,0.1646,0.1646,12775.0,1696569299999,2105.7537,28,4045.0,667.4762,0
1696569300000,0.1647,0.165,0.1647,0.1648,6860.0,1696570199999,1130.3448,18,6417.0,1057.2941,0
1696570200000,0.1647,0.165,0.1646,0.165,26350.0,1696571099999,4338.9681,48,10506.0,1730.6164,0
1696571100000,0.1649,0.165,0.1648,0.1649,29240.0,1696571999999,4822.159,43,16494.0,2720.9953,0
1696572000000,0.1652,0.1652,0.1645,0.1648,15972.0,1696572899999,2632.7727,29,2231.0,368.234,0
1696572900000,0.1646,0.165,0.1645,0.1648,38327.0,1696573799999,6309.4862,45,21042.0,3464.7905,0
1696573800000,0.1647,0.1651,0.1646,0.1647,30420.0,1696574699999,5011.282,57,17878.0,2945.8995,0
1696574700000,0.1649,0.1653,0.1649,0.1652,32832.0,1696575599999,5420.0624,50,26741.0,4415.115,0
1696575600000,0.1651,0.1652,0.1649,0.1651,52823.0,1696576499999,8719.3011,86,33632.0,5550.8923,0
1696576500000,0.1653,0.1656,0.1653,0.1653,14903.0,1696577399999,2465.3128,30,10217.0,1690.5896,0
1696577400000,0.1653,0.1657,0.1651,0.1657,34476.0,1696578299999,5701.1454,76,14709.0,2434.5018,0
1696578300000,0.1658,0.1659,0.1655,0.1659,40059.0,1696579199999,6639.5405,64,23080.0,3826.4263,0
1696579200000,0.1659,0.1661,0.1658,0.1661,19694.0,1696580099999,3268.7253,50,15891.0,2637.6633,0
1696580100000,0.166,0.1664,0.166,0.1664,12981.0,1696580999999,2156.8004,28,11139.0,1850.7318,0
1696581000000,0.1663,0.1663,0.1657,0.1661,79293.0,1696581899999,13149.5538,96,37955.0,6296.4836,0
1696581900000,0.1661,0.1662,0.1659,0.1659,10470.0,1696582799999,1738.4511,17,3681.0,611.4785,0
1696582800000,0.166,0.1661,0.1656,0.1656,8570.0,1696583699999,1421.6733,17,810.0,134.3845,0
1696583700000,0.1657,0.1657,0.1656,0.1656,12547.0,1696584599999,2079.003,13,12089.0,2003.1473,0
1696584600000,0.1656,0.1657,0.1656,0.1657,2400.0,1696585499999,397.4906,6,663.0,109.8434,0
1696585500000,0.1657,0.1659,0.1657,0.1657,6573.0,1696586399999,1089.3258,16,976.0,161.8416,0
1696586400000,0.1658,0.166,0.1658,0.1658,2481.0,1696587299999,411.5607,12,1870.0,310.2313,0
1696587300000,0.1658,0.1661,0.1658,0.1661,14474.0,1696588199999,2402.649,27,13396.0,2223.8833,0
1696588200000,0.1661,0.1663,0.1659,0.1659,11178.0,1696589099999,1856.7969,22,2334.0,388.031,0
1696589100000,0.166,0.1661,0.1656,0.1656,8032.0,1696589999999,1331.7935,26,3660.0,607.2018,0
1696590000000,0.1655,0.1655,0.1652,0.1655,17228.0,1696590899999,2849.1131,17,5666.0,937.2411,0
1696590900000,0.1656,0.1657,0.1655,0.1655,9949.0,1696591799999,1648.0835,12,7354.0,1218.5203,0
1696591800000,0.1654,0.1658,0.1654,0.1658,5917.0,1696592699999,980.7249,21,5310.0,880.18,0
1696592700000,0.1657,0.1659,0.1656,0.1658,10512.0,1696593599999,1742.5882,18,3280.0,543.7407,0
1696593600000,0.1659,0.1662,0.1659,0.1662,18725.0,1696594499999,3109.5904,34,16084.0,2671.1297,0
1696594500000,0.1662,0.1663,0.1658,0.1658,16291.0,1696595399999,2702.8981,27,4123.0,684.209,0
1696595400000,0.1658,0.1658,0.1648,0.1654,32860.0,1696596299999,5428.1191,66,8693.0,1436.7464,0
1696596300000,0.1652,0.1652,0.1643,0.1646,80397.0,1696597199999,13246.3171,123,31149.0,5133.4754,0
1696597200000,0.1645,0.1653,0.1643,0.1653,58745.0,1696598099999,9674.1964,77,24145.0,3980.7026,0
1696598100000,0.1652,0.1653,0.165,0.1653,21854.0,1696598999999,3609.1103,33,1955.0,322.997,0
1696599000000,0.1651,0.1661,0.1651,0.1656,32322.0,1696599899999,5356.5932,57,18956.0,3140.799,0
1696599900000,0.1656,0.1657,0.1652,0.1655,15419.0,1696600799999,2550.6565,41,6633.0,1098.0126,0
1696600800000,0.1653,0.1656,0.1652,0.1654,25961.0,1696601699999,4292.1541,46,14273.0,2360.9387,0
1696601700000,0.1656,0.166,0.1652,0.166,16311.0,1696602599999,2703.8035,45,9147.0,1515.961,0
1696602600000,0.1659,0.166,0.1656,0.1656,15535.0,1696603499999,2575.7481,42,8126.0,1347.4769,0
1696603500000,0.1656,0.166,0.1656,0.1658,6926.0,1696604399999,1148.7482,28,5264.0,873.0628,0
1696604400000,0.1657,0.1659,0.1657,0.1659,2592.0,1696605299999,429.807,15,1601.0,265.5067,0
1696605300000,0.1659,0.1664,0.1658,0.1664,46314.0,1696606199999,7686.6467,61,36227.0,6013.4362,0
1696606200000,0.1665,0.1671,0.1664,0.1669,101185.0,1696607099999,16891.456,101,48994.0,8179.8374,0
1696607100000,0.1669,0.1675,0.1667,0.167,68037.0,1696607999999,11367.3685,84,40134.0,6707.8161,0
1696608000000,0.167,0.1672,0.1666,0.1667,45719.0,1696608899999,7634.2378,61,24635.0,4114.4177,0
1696608900000,0.1667,0.1667,0.166,0.1665,103004.0,1696609799999,17119.6226,86,14379.0,2391.7431,0
1696609800000,0.1663,0.1666,0.1663,0.1666,4629.0,1696610699999,770.3643,12,2888.0,480.836,0
1696610700000,0.1666,0.1667,0.1665,0.1667,16525.0,1696611599999,2751.6356,21,15199.0,2530.7984,0
1696611600000,0.1665,0.1667,0.1664,0.1665,13104.0,1696612499999,2182.4719,24,7332.0,1221.7631,0
1696612500000,0.1667,0.167,0.1667,0.167,57469.0,1696613399999,9586.6093,64,21568.0,3600.4791,0
1696613400000,0.1671,0.1675,0.1671,0.1674,29383.0,1696614299999,4917.4262,40,22272.0,3727.8864,0
1696614300000,0.1674,0.1676,0.1673,0.1675,25709.0,1696615199999,4303.7904,50,15427.0,2583.2116,0
1696615200000,0.1675,0.1676,0.1672,0.1672,18940.0,1696616099999,3169.3874,33,13038.0,2181.2296,0
1696616100000,0.1671,0.1673,0.1669,0.1673,11494.0,1696616999999,1920.9638,27,9423.0,1575.0729,0
1696617000000,0.1674,0.1675,0.1673,0.1674,12567.0,1696617899999,2103.6858,23,7457.0,1248.316,0
1696617900000,0.1675,0.1676,0.1673,0.1675,70520.0,1696618799999,11809.3512,56,51067.0,8553.8,0
1696618800000,0.1675,0.1676,0.1675,0.1675,21922.0,1696619699999,3672.0476,12,4145.0,694.4001,0
1696619700000,0.1676,0.1681,0.1676,0.1679,59434.0,1696620599999,9973.6519,84,29395.0,4932.0911,0
1696620600000,0.168,0.168,0.1672,0.1674,43339.0,1696621499999,7260.9056,53,5002.0,838.3539,0
1696621500000,0.1672,0.1674,0.1672,0.1673,9441.0,1696622399999,1579.3018,17,3726.0,623.3942,0
1696622400000,0.1674,0.1674,0.1671,0.1672,37579.0,1696623299999,6283.4472,35,6210.0,1038.9499,0
1696623300000,0.1673,0.1675,0.1673,0.1674,9047.0,1696624199999,1515.1064,15,8384.0,1404.1455,0
1696624200000,0.1673,0.1675,0.1673,0.1674,12354.0,1696625099999,2068.1695,22,9818.0,1643.7613,0
1696625100000,0.1675,0.1676,0.1675,0.1675,12668.0,1696625999999,2121.9244,12,5025.0,841.7219,0
1696626000000,0.1675,0.1677,0.1675,0.1675,15327.0,1696626899999,2569.1511,25,9262.0,1552.8863,0
1696626900000,0.1675,0.168,0.1675,0.168,109484.0,1696627799999,18369.6494,83,104344.0,17507.471,0
1696627800000,0.168,0.1689,0.1679,0.1684,83509.0,1696628699999,14073.1781,123,43753.0,7373.6348,0
1696628700000,0.1684,0.1687,0.1684,0.1685,6756.0,1696629599999,1138.5252,21,3976.0,670.1431,0
1696629600000,0.1685,0.1685,0.1684,0.1685,19916.0,1696630499999,3354.3748,26,16642.0,2802.9532,0
1696630500000,0.1685,0.1686,0.1681,0.1681,66452.0,1696631399999,11188.0404,57,14499.0,2443.8126,0
1696631400000,0.168,0.1682,0.168,0.168,42363.0,1696632299999,7117.8328,59,28487.0,4785.972,0
1696632300000,0.1681,0.1682,0.1678,0.1679,54407.0,1696633199999,9142.7802,61,16054.0,2698.6839,0
1696633200000,0.1678,0.168,0.1677,0.1677,8610.0,1696634099999,1445.1566,20,2730.0,458.3471,0
1696634100000,0.1676,0.1676,0.1675,0.1676,26066.0,1696634999999,4368.6192,33,10266.0,1720.5392,0
1696635000000,0.1676,0.1681,0.1676,0.1678,69862.0,1696635899999,11722.1622,72,42335.0,7104.841,0
1696635900000,0.1679,0.168,0.1678,0.168,36833.0,1696636799999,6182.9937,31,22864.0,3838.9465,0
1696636800000,0.168,0.1683,0.1678,0.1683,49690.0,1696637699999,8351.1903,74,35770.0,6011.2499,0
1696637700000,0.1682,0.1685,0.1679,0.1684,38611.0,1696638599999,6498.5959,49,17390.0,2928.0238,0
1696638600000,0.1683,0.1691,0.1681,0.1687,84595.0,1696639499999,14260.1806,133,71947.0,12127.0623,0
1696639500000,0.1687,0.1688,0.1686,0.1688,28601.0,1696640399999,4824.5188,53,17793.0,3001.695,0
1696640400000,0.1689,0.169,0.1684,0.1685,79080.0,1696641299999,13339.9536,102,34565.0,5829.3699,0
1696641300000,0.1685,0.1686,0.1682,0.1684,43113.0,1696642199999,7259.4133,52,18691.0,3147.8934,0
1696642200000,0.1683,0.169,0.168,0.1689,80336.0,1696643099999,13536.2865,107,60890.0,10263.276,0
1696643100000,0.1689,0.1693,0.1685,0.1693,63250.0,1696643999999,10688.307,130,50504.0,8533.8699,0
1696644000000,0.1693,0.1694,0.1688,0.1691,63488.0,1696644899999,10738.237,114,49226.0,8326.2153,0
1696644900000,0.1692,0.1695,0.169,0.1695,49075.0,1696645799999,8306.6449,89,29752.0,5037.2117,0
1696645800000,0.1695,0.1695,0.169,0.1691,75776.0,1696646699999,12822.8548,106,37246.0,6304.6562,0
1696646700000,0.1692,0.1694,0.1686,0.169,76678.0,1696647599999,12949.4611,97,29186.0,4935.5018,0
1696647600000,0.1691,0.1694,0.1689,0.1693,56711.0,1696648499999,9596.3167,85,31289.0,5295.2401,0
1696648500000,0.1693,0.1693,0.1691,0.1691,7589.0,1696649399999,1284.2241,13,546.0,92.4378,0
1696649400000,0.1692,0.1696,0.1692,0.1694,27500.0,1696650299999,4659.7268,47,20541.0,3480.2547,0
1696650300000,0.1695,0.1698,0.1692,0.1695,176298.0,1696651199999,29900.2115,193,130523.0,22140.1769,0
1696651200000,0.1695,0.1696,0.1691,0.1696,84014.0,1696652099999,14229.5865,115,52409.0,8877.5361,0
1696652100000,0.1696,0.1697,0.1691,0.1691,57100.0,1696652999999,9676.7917,69,24254.0,4111.9843,0
1696653000000,0.1692,0.1696,0.1692,0.1696,24821.0,1696653899999,4204.1157,39,18604.0,3150.9831,0
1696653900000,0.1696,0.1697,0.1693,0.1694,13924.0,1696654799999,2359.7519,31,11637.0,1972.2762,0
1696654800000,0.1694,0.1695,0.1691,0.1691,12311.0,1696655699999,2083.9984,26,1820.0,308.1454,0
1696655700000,0.1691,0.1692,0.169,0.1692,32207.0,1696656599999,5445.3033,39,15340.0,2594.0929,0
1696656600000,0.1692,0.1698,0.1692,0.1695,79861.0,1696657499999,13538.4138,101,27354.0,4637.891,0
1696657500000,0.1695,0.1696,0.1691,0.1693,157466.0,1696658399999,26654.5388,111,20906.0,3540.8067,0
1696658400000,0.1694,0.1694,0.1688,0.1688,25757.0,1696659299999,4353.6885,38,8950.0,1514.105,0
1696659300000,0.1687,0.169,0.1686,0.1688,35100.0,1696660199999,5923.3235,51,17169.0,2898.3308,0
1696660200000,0.1688,0.169,0.1687,0.1687,19807.0,1696661099999,3345.1129,30,8641.0,1459.2969,0
1696661100000,0.1686,0.1687,0.1681,0.1681,27392.0,1696661999999,4615.1211,55,5971.0,1006.3787,0
1696662000000,0.1681,0.1685,0.1681,0.1684,13430.0,1696662899999,2261.1601,24,6515.0,1097.2485,0
1696662900000,0.1684,0.1685,0.1682,0.1682,44266.0,1696663799999,7451.9753,56,11199.0,1885.9945,0
1696663800000,0.1683,0.1684,0.1681,0.1683,13253.0,1696664699999,2230.3166,41,6006.0,1010.7434,0
1696664700000,0.1682,0.1683,0.1674,0.1678,199320.0,1696665599999,33423.4763,219,111855.0,18752.6343,0
1696665600000,0.1678,0.1678,0.1677,0.1677,19178.0,1696666499999,3216.4183,21,11965.0,2006.7982,0
1696666500000,0.1679,0.168,0.1679,0.168,7356.0,1696667399999,1235.7221,11,1895.0,318.36,0
1696667400000,0.1679,0.1685,0.1679,0.1685,11430.0,1696668299999,1924.4402,32,6987.0,1176.6212,0
1696668300000,0.1685,0.1685,0.1681,0.1684,16856.0,1696669199999,2837.9284,38,8176.0,1376.4002,0
1696669200000,0.1683,0.1684,0.1677,0.1677,50182.0,1696670099999,8433.7897,43,3115.0,522.7438,0
1696670100000,0.1679,0.1679,0.1676,0.1676,10846.0,1696670999999,1818.3523,18,7557.0,1266.6065,0
1696671000000,0.1675,0.1675,0.1673,0.1673,14548.0,1696671899999,2435.242,23,6004.0,1005.6224,0
1696671900000,0.1674,0.1675,0.1671,0.1671,28176.0,1696672799999,4714.8145,33,6854.0,1147.4795,0
1696672800000,0.1672,0.1674,0.1671,0.1673,26398.0,1696673699999,4416.0845,47,18500.0,3095.6493,0
1696673700000,0.1673,0.1673,0.1673,0.1673,1998.0,1696674599999,334.2654,5,0.0,0.0,0
1696674600000,0.1673,0.1674,0.1673,0.1674,1751.0,1696675499999,293.0707,8,1284.0,214.9416,0
1696675500000,0.1673,0.1675,0.1673,0.1675,3075.0,1696676399999,514.6531,8,597.0,99.9627,0
1696676400000,0.1675,0.1677,0.1675,0.1677,38426.0,1696677299999,6439.8038,46,33152.0,5556.3528,0
1696677300000,0.1677,0.1679,0.1677,0.1679,15132.0,1696678199999,2540.5128,28,6435.0,1080.3031,0
1696678200000,0.1679,0.168,0.1675,0.1675,25132.0,1696679099999,4219.8818,35,5480.0,920.3524,0
1696679100000,0.1675,0.1675,0.1671,0.1673,22751.0,1696679999999,3807.8895,39,15759.0,2637.4897,0
1696680000000,0.1672,0.1673,0.1671,0.1671,41944.0,1696680899999,7011.0721,37,17752.0,2968.1855,0
1696680900000,0.1672,0.1674,0.1672,0.1672,59747.0,1696681799999,9994.7605,61,17936.0,3000.2184,0
1696681800000,0.1672,0.1674,0.1672,0.1673,3375.0,1696682699999,564.7576,13,2999.0,501.8797,0
1696682700000,0.1674,0.1675,0.1673,0.1674,50018.0,1696683599999,8375.7705,47,37391.0,6261.5184,0
1696683600000,0.1674,0.1676,0.1673,0.1676,3774.0,1696684499999,632.1371,9,1957.0,327.8738,0
1696684500000,0.1676,0.1676,0.1674,0.1675,10517.0,1696685399999,1761.6912,25,2033.0,340.4476,0
1696685400000,0.1675,0.1676,0.1673,0.1673,12482.0,1696686299999,2089.8395,30,674.0,112.9339,0
1696686300000,0.1673,0.1675,0.1672,0.1674,45321.0,1696687199999,7580.7905,41,9419.0,1576.8277,0
1696687200000,0.1673,0.1674,0.1671,0.1673,23304.0,1696688099999,3898.3426,41,10678.0,1786.6262,0
1696688100000,0.1673,0.1673,0.1672,0.1673,21215.0,1696688999999,3548.1407,19,5210.0,871.633,0
1696689000000,0.1672,0.1674,0.1671,0.1674,35088.0,1696689899999,5867.2129,48,19945.0,3335.7192,0
1696689900000,0.1675,0.1678,0.1675,0.1678,80485.0,1696690799999,13499.2991,117,68694.0,11521.9008,0
1696690800000,0.1677,0.1679,0.1676,0.1676,22138.0,1696691699999,3713.5419,37,4148.0,696.0388,0
1696691700000,0.1676,0.1679,0.1676,0.1678,22977.0,1696692599999,3856.9838,26,2707.0,454.1199,0
1696692600000,0.1679,0.1679,0.1673,0.1673,27015.0,1696693499999,4525.7991,44,5209.0,873.2525,0
1696693500000,0.1673,0.1675,0.1672,0.1674,6345.0,1696694399999,1062.0548,15,4196.0,702.3741,0
1696694400000,0.1674,0.1675,0.1673,0.1673,28127.0,1696695299999,4708.1222,47,11974.0,2005.0661,0
1696695300000,0.1674,0.1676,0.1673,0.1674,18471.0,1696696199999,3093.3707,33,10402.0,1742.4813,0
1696696200000,0.1674,0.1685,0.1674,0.1684,176700.0,1696697099999,29685.3185,141,132497.0,22263.7924,0
1696697100000,0.1684,0.1695,0.1676,0.1694,874914.0,1696697999999,147708.0075,927,680561.0,114931.9196,0
1696698000000,0.1694,0.1707,0.169,0.1703,1261423.0,1696698899999,214176.3242,1366,990064.0,168079.3579,0
1696698900000,0.1704,0.1704,0.169,0.1692,306009.0,1696699799999,51899.611,313,101494.0,17221.6869,0
1696699800000,0.1691,0.1693,0.1686,0.1691,130131.0,1696700699999,21982.1395,130,35163.0,5941.7845,0
1696700700000,0.169,0.169,0.1684,0.1686,126222.0,1696701599999,21291.18,114,18866.0,3183.3034,0
1696701600000,0.1686,0.169,0.1686,0.1688,29803.0,1696702499999,5028.6834,29,23653.0,3991.231,0
1696702500000,0.169,0.1691,0.1688,0.169,34354.0,1696703399999,5803.1441,47,10962.0,1852.3517,0
1696703400000,0.1689,0.1689,0.1686,0.1686,70203.0,1696704299999,11842.6959,69,21582.0,3639.2609,0
1696704300000,0.1686,0.1687,0.168,0.1683,157437.0,1696705199999,26508.3452,163,37769.0,6356.4051,0
1696705200000,0.1682,0.1683,0.1678,0.1678,63897.0,1696706099999,10725.2676,75,9832.0,1652.0704,0
1696706100000,0.1679,0.1679,0.1672,0.1675,94402.0,1696706999999,15814.2719,89,22091.0,3701.9606,0
1696707000000,0.1674,0.1674,0.1673,0.1674,37545.0,1696707899999,6282.767,23,8687.0,1454.1534,0
1696707900000,0.1674,0.1674,0.1669,0.1671,21346.0,1696708799999,3568.6554,41,5738.0,959.283,0
1696708800000,0.1672,0.1674,0.1671,0.1673,11093.0,1696709699999,1855.6255,24,1677.0,280.5666,0
1696709700000,0.1675,0.1675,0.1673,0.1673,8390.0,1696710599999,1405.2669,9,2290.0,383.5169,0
1696710600000,0.1673,0.1673,0.1671,0.1673,12138.0,1696711499999,2029.3166,17,840.0,140.4814,0
1696711500000,0.1674,0.1675,0.1674,0.1675,7859.0,1696712399999,1315.9956,20,3484.0,583.57,0
1696712400000,0.1675,0.1676,0.1674,0.1676,3025.0,1696713299999,506.7188,9,1124.0,188.335,0
1696713300000,0.1676,0.1677,0.1675,0.1676,15576.0,1696714199999,2609.7371,18,6248.0,1047.1648,0
1696714200000,0.1678,0.1679,0.1676,0.1676,5346.0,1696715099999,896.273,7,697.0,116.9834,0
1696715100000,0.1676,0.1677,0.1676,0.1677,2022.0,1696715999999,338.9154,6,282.0,47.2914,0
1696716000000,0.1678,0.1678,0.1678,0.1678,5624.0,1696716899999,943.7072,5,5624.0,943.7072,0
1696716900000,0.1678,0.1681,0.1676,0.1679,53831.0,1696717799999,9034.5216,49,30065.0,5042.8507,0
1696717800000,0.1679,0.168,0.1677,0.168,50531.0,1696718699999,8476.0963,43,6411.0,1075.4064,0
1696718700000,0.168,0.168,0.1679,0.1679,46752.0,1696719599999,7851.6752,22,10986.0,1845.0023,0
1696719600000,0.168,0.168,0.168,0.168,24354.0,1696720499999,4091.472,12,24354.0,4091.472,0
1696720500000,0.1681,0.1681,0.1678,0.1678,7558.0,1696721399999,1268.8087,11,1799.0,302.3981,0
1696721400000,0.1678,0.1679,0.1678,0.1679,13899.0,1696722299999,2332.5931,12,6936.0,1164.2017,0
1696722300000,0.1679,0.1683,0.1679,0.1682,48284.0,1696723199999,8118.6683,62,16765.0,2819.9304,0
1696723200000,0.1681,0.1681,0.1676,0.168,36105.0,1696724099999,6057.8148,38,3548.0,595.7683,0
1696724100000,0.1681,0.1682,0.1675,0.1678,27941.0,1696724999999,4690.055,38,11267.0,1892.6618,0
1696725000000,0.1677,0.1677,0.1673,0.1674,43120.0,1696725899999,7220.5128,38,24223.0,4054.9644,0
1696725900000,0.1675,0.1676,0.1673,0.1674,8478.0,1696726799999,1419.7006,17,3615.0,605.4117,0
1696726800000,0.1673,0.1673,0.1665,0.1665,104625.0,1696727699999,17446.9789,126,18665.0,3110.0933,0
1696727700000,0.1665,0.1668,0.1661,0.1661,85964.0,1696728599999,14309.4294,115,13495.0,2247.8854,0
1696728600000,0.1664,0.1669,0.1663,0.1669,25150.0,1696729499999,4185.3728,46,7363.0,1226.2351,0
1696729500000,0.1668,0.1668,0.1666,0.1666,6012.0,1696730399999,1002.2306,15,3154.0,525.6544,0
1696730400000,0.1666,0.1667,0.1665,0.1666,16590.0,1696731299999,2764.1482,31,10846.0,1807.6121,0
1696731300000,0.1667,0.1668,0.1664,0.1668,27713.0,1696732199999,4617.5841,47,16745.0,2789.7951,0
1696732200000,0.1667,0.1667,0.1663,0.1663,11368.0,1696733099999,1891.1759,17,1512.0,251.6303,0
1696733100000,0.1662,0.1665,0.166,0.1662,20280.0,1696733999999,3370.1043,39,4136.0,687.5579,0
1696734000000,0.1662,0.1663,0.1661,0.1661,15351.0,1696734899999,2552.8117,14,14752.0,2453.198,0
1696734900000,0.1662,0.1662,0.166,0.1661,7796.0,1696735799999,1294.9479,18,281.0,46.6741,0
1696735800000,0.1661,0.1665,0.166,0.1665,19019.0,1696736699999,3161.1069,25,10740.0,1786.2855,0
1696736700000,0.1665,0.1666,0.1665,0.1666,21530.0,1696737599999,3585.438,27,9190.0,1530.828,0
1696737600000,0.1665,0.1665,0.166,0.166,5582.0,1696738499999,928.5834,15,541.0,89.8272,0
1696738500000,0.166,0.166,0.1658,0.1658,4634.0,1696739399999,768.835,25,1097.0,182.033,0
1696739400000,0.1658,0.1658,0.1655,0.1655,12846.0,1696740299999,2128.0849,34,3127.0,518.1021,0
1696740300000,0.1656,0.1656,0.1652,0.1652,39968.0,1696741199999,6610.7277,34,8911.0,1475.5048,0
1696741200000,0.1652,0.1654,0.165,0.1654,27225.0,1696742099999,4498.0698,45,18672.0,3085.706,0
1696742100000,0.1652,0.1656,0.1651,0.1654,34595.0,1696742999999,5722.2118,40,22587.0,3737.3564,0
1696743000000,0.1654,0.1654,0.1648,0.1654,51931.0,1696743899999,8578.8895,73,7137.0,1177.5774,0
1696743900000,0.1653,0.1655,0.1653,0.1654,10221.0,1696744799999,1690.5047,22,7147.0,1182.1989,0
1696744800000,0.1654,0.1655,0.1654,0.1654,27105.0,1696745699999,4484.6366,34,6013.0,994.7068,0
1696745700000,0.1654,0.1656,0.1654,0.1655,9950.0,1696746599999,1646.794,19,4130.0,683.7356,0
1696746600000,0.1656,0.1656,0.1654,0.1654,15171.0,1696747499999,2509.5849,17,12390.0,2049.3294,0
1696747500000,0.1654,0.1654,0.165,0.1651,31446.0,1696748399999,5196.5695,29,6105.0,1008.0994,0
1696748400000,0.1651,0.1653,0.1651,0.1652,37070.0,1696749299999,6123.842,24,2361.0,390.041,0
1696749300000,0.1652,0.1655,0.1651,0.1653,35252.0,1696750199999,5825.5152,26,19231.0,3178.7482,0
1696750200000,0.1652,0.1655,0.1651,0.1653,11829.0,1696751099999,1954.9092,22,3547.0,586.4048,0
1696751100000,0.1653,0.1653,0.1652,0.1652,11037.0,1696751999999,1824.4061,11,10355.0,1711.6815,0
1696752000000,0.1653,0.1653,0.1651,0.1652,9948.0,1696752899999,1643.8988,33,7444.0,1230.357,0
1696752900000,0.1652,0.1656,0.1652,0.1655,26597.0,1696753799999,4398.943,36,9361.0,1548.5241,0
1696753800000,0.1654,0.1655,0.1651,0.1653,12987.0,1696754699999,2146.0728,22,3178.0,524.9144,0
1696754700000,0.1652,0.1653,0.1651,0.1651,7022.0,1696755599999,1159.5866,12,6456.0,1066.0551,0
1696755600000,0.165,0.1655,0.165,0.1654,35917.0,1696756499999,5932.5809,49,13800.0,2279.308,0
1696756500000,0.1654,0.1654,0.1649,0.1653,42368.0,1696757399999,6992.8253,47,31833.0,5253.3632,0
1696757400000,0.1653,0.1655,0.1651,0.1651,26872.0,1696758299999,4443.7603,29,5057.0,836.2798,0
1696758300000,0.165,0.1652,0.165,0.165,19899.0,1696759199999,3283.6823,20,18160.0,2996.6341,0
1696759200000,0.165,0.1654,0.1649,0.1652,6220.0,1696760099999,1026.9521,20,2254.0,372.1602,0
1696760100000,0.1651,0.1653,0.1651,0.1653,21121.0,1696760999999,3489.6374,37,18165.0,3001.3617,0
1696761000000,0.1652,0.1653,0.165,0.1651,11089.0,1696761899999,1831.5207,33,3405.0,562.6091,0
1696761900000,0.165,0.165,0.1644,0.1645,51123.0,1696762799999,8423.29,89,30507.0,5026.6129,0
1696762800000,0.1645,0.1649,0.1645,0.1649,15631.0,1696763699999,2574.3214,35,3448.0,567.9875,0
1696763700000,0.1648,0.1648,0.1645,0.1646,19677.0,1696764599999,3239.2994,24,3626.0,597.0498,0
1696764600000,0.1646,0.1646,0.1642,0.1643,12918.0,1696765499999,2123.5361,42,7187.0,1182.0174,0
1696765500000,0.1643,0.1644,0.1642,0.1643,18822.0,1696766399999,3092.7232,33,3496.0,574.4636,0
1696766400000,0.1644,0.1644,0.164,0.1643,49130.0,1696767299999,8061.6748,49,5675.0,932.058,0
1696767300000,0.1643,0.1651,0.1643,0.1649,109962.0,1696768199999,18115.0216,141,98134.0,16166.6399,0
1696768200000,0.1649,0.1652,0.1649,0.1651,28464.0,1696769099999,4701.3326,28,23019.0,3802.212,0
1696769100000,0.1651,0.1652,0.1649,0.1649,12336.0,1696769999999,2036.4496,14,3898.0,643.9496,0
1696770000000,0.1648,0.1649,0.1642,0.1644,125642.0,1696770899999,20686.1046,60,40253.0,6629.3617,0
1696770900000,0.1641,0.1654,0.1641,0.1651,33209.0,1696771799999,5484.7775,60,25236.0,4168.825,0
1696771800000,0.1652,0.1654,0.1652,0.1654,19871.0,1696772699999,3284.6058,23,18986.0,3138.3703,0
1696772700000,0.1654,0.1657,0.1648,0.1651,17434.0,1696773599999,2883.2536,44,10641.0,1760.2229,0
1696773600000,0.165,0.1652,0.165,0.1651,7417.0,1696774499999,1224.3843,27,1270.0,209.6928,0
1696774500000,0.1649,0.1653,0.1649,0.1653,61760.0,1696775399999,10201.9201,60,52840.0,8730.1381,0
1696775400000,0.1653,0.1669,0.1653,0.1667,224752.0,1696776299999,37387.0675,195,140836.0,23424.8854,0
1696776300000,0.1669,0.1672,0.1665,0.1671,76576.0,1696777199999,12776.4325,81,44552.0,7434.5199,0
1696777200000,0.1671,0.1674,0.1669,0.1669,27369.0,1696778099999,4575.9265,60,12120.0,2027.2457,0
1696778100000,0.1669,0.1675,0.1667,0.1668,182093.0,1696778999999,30416.0562,156,110564.0,18471.4874,0
1696779000000,0.1669,0.168,0.1667,0.1679,319429.0,1696779899999,53503.0408,289,266621.0,44649.7562,0
1696779900000,0.1678,0.1681,0.1675,0.168,152264.0,1696780799999,25562.9118,170,78585.0,13196.8459,0
1696780800000,0.168,0.1686,0.1679,0.1684,97092.0,1696781699999,16332.8681,127,53137.0,8938.1839,0
1696781700000,0.1686,0.169,0.1685,0.1685,92364.0,1696782599999,15580.0747,85,32410.0,5468.0042,0
1696782600000,0.1685,0.1689,0.1681,0.1684,84935.0,1696783499999,14311.7808,109,10103.0,1702.1901,0
1696783500000,0.1682,0.1683,0.1681,0.1681,16375.0,1696784399999,2754.7725,20,6648.0,1118.5767,0
1696784400000,0.1682,0.1684,0.1681,0.1682,38007.0,1696785299999,6394.0513,53,21152.0,3558.0662,0
1696785300000,0.1682,0.1684,0.1681,0.1682,39215.0,1696786199999,6596.004,46,30578.0,5143.3621,0
1696786200000,0.1682,0.1696,0.1681,0.1695,140058.0,1696787099999,23665.6656,168,118308.0,19988.6249,0
1696787100000,0.1695,0.1725,0.1692,0.1722,1501443.0,1696787999999,256966.9659,1613,1189977.0,203708.7746,0
1696788000000,0.1721,0.174,0.1714,0.1731,1869042.0,1696788899999,322573.7653,2081,1114940.0,192398.5508,0
1696788900000,0.1731,0.1747,0.1717,0.1732,1239577.0,1696789799999,215176.0534,1615,715975.0,124283.548,0
1696789800000,0.1732,0.1732,0.1718,0.1725,334434.0,1696790699999,57720.7626,320,122708.0,21185.5438,0
1696790700000,0.1725,0.1733,0.1722,0.1731,317232.0,1696791599999,54787.102,263,125111.0,21610.2845,0
1696791600000,0.173,0.1739,0.1722,0.1726,274076.0,1696792499999,47447.3413,361,134943.0,23390.0916,0
1696792500000,0.1726,0.173,0.172,0.1723,184854.0,1696793399999,31889.1691,137,47762.0,8237.8083,0
1696793400000,0.1724,0.1725,0.1721,0.1722,96514.0,1696794299999,16632.0906,111,34735.0,5985.7756,0
1696794300000,0.1722,0.1722,0.171,0.1713,259032.0,1696795199999,44457.3052,227,42702.0,7328.2798,0
1696795200000,0.1713,0.1729,0.1713,0.1716,262503.0,1696796099999,45185.63,208,152310.0,26235.1819,0
1696796100000,0.1717,0.1723,0.1715,0.1719,117444.0,1696796999999,20194.8287,157,22513.0,3873.753,0
1696797000000,0.1719,0.1722,0.1715,0.1715,143493.0,1696797899999,24669.6574,151,26661.0,4586.8187,0
1696797900000,0.1716,0.1722,0.1716,0.172,39635.0,1696798799999,6814.1924,65,19796.0,3403.4032,0
1696798800000,0.1721,0.1723,0.1717,0.1718,20418.0,1696799699999,3511.754,44,6106.0,1050.9245,0
1696799700000,0.1717,0.1717,0.1714,0.1715,35455.0,1696800599999,6081.2826,38,11332.0,1943.9812,0
1696800600000,0.1715,0.1715,0.171,0.1714,46979.0,1696801499999,8044.5526,62,7192.0,1231.6291,0
1696801500000,0.1714,0.1717,0.1712,0.1712,54299.0,1696802399999,9307.1768,48,20329.0,3488.8935,0
1696802400000,0.1711,0.1724,0.1711,0.1713,220620.0,1696803299999,37828.152,202,104210.0,17888.0234,0
1696803300000,0.1713,0.1716,0.1713,0.1713,30909.0,1696804199999,5299.8491,33,6776.0,1161.2445,0
1696804200000,0.1713,0.1713,0.1709,0.171,121715.0,1696805099999,20828.0506,100,52468.0,8980.6591,0
1696805100000,0.171,0.1711,0.1698,0.1705,204227.0,1696805999999,34845.3025,213,34845.0,5951.3616,0
1696806000000,0.1706,0.1713,0.1705,0.1705,74404.0,1696806899999,12707.526,82,16943.0,2892.4322,0
1696806900000,0.1704,0.1711,0.1703,0.1711,98667.0,1696807799999,16855.0906,98,70467.0,12041.6859,0
1696807800000,0.171,0.1711,0.1704,0.1707,68468.0,1696808699999,11690.7854,85,3134.0,535.3148,0
1696808700000,0.1707,0.1708,0.1707,0.1708,29984.0,1696809599999,5120.6508,27,1643.0,280.5942,0
1696809600000,0.1708,0.1708,0.1693,0.1695,216349.0,1696810499999,36743.0581,217,60982.0,10352.1507,0
1696810500000,0.1695,0.1695,0.1681,0.1682,163637.0,1696811399999,27584.6116,229,28723.0,4836.605,0
1696811400000,0.1682,0.1684,0.1671,0.1672,249813.0,1696812299999,41897.7615,344,68902.0,11553.0557,0
1696812300000,0.1672,0.1675,0.167,0.1671,100116.0,1696813199999,16746.4041,98,62911.0,10524.0436,0
1696813200000,0.167,0.1672,0.1668,0.1669,115948.0,1696814099999,19360.6081,120,23769.0,3969.9499,0
1696814100000,0.1669,0.1671,0.1667,0.167,60237.0,1696814999999,10056.7056,71,43252.0,7221.5658,0
1696815000000,0.1672,0.1674,0.1672,0.1673,4810.0,1696815899999,804.7802,18,1777.0,297.2691,0
1696815900000,0.1674,0.1681,0.1674,0.1678,44957.0,1696816799999,7544.4294,72,31012.0,5202.5253,0
1696816800000,0.168,0.1682,0.1677,0.1681,35723.0,1696817699999,6002.0491,49,18669.0,3137.7146,0
1696817700000,0.1678,0.1685,0.1677,0.1684,82474.0,1696818599999,13860.904,77,57855.0,9725.8162,0
1696818600000,0.1684,0.1684,0.1681,0.1681,42557.0,1696819499999,7163.8177,43,18326.0,3085.8104,0
1696819500000,0.1683,0.1683,0.1681,0.1681,18052.0,1696820399999,3035.528,24,15007.0,2523.4374,0
1696820400000,0.1681,0.1684,0.1681,0.1684,28342.0,1696821299999,4770.2648,36,19215.0,3234.9435,0
1696821300000,0.1683,0.1684,0.1682,0.1682,79953.0,1696822199999,13453.3915,65,30513.0,5133.2385,0
1696822200000,0.1681,0.1682,0.168,0.1681,38677.0,1696823099999,6502.0902,52,8726.0,1466.9995,0
1696823100000,0.168,0.1683,0.1678,0.1683,87339.0,1696823999999,14683.1275,100,46521.0,7820.7194,0
1696824000000,0.1683,0.1683,0.1681,0.1683,12286.0,1696824899999,2067.0323,43,3756.0,632.0493,0
1696824900000,0.1683,0.1685,0.1681,0.1683,58372.0,1696825799999,9824.7729,60,8792.0,1478.8487,0
1696825800000,0.1683,0.1683,0.168,0.1681,29647.0,1696826699999,4985.8251,37,12898.0,2168.8374,0
1696826700000,0.1681,0.1681,0.1679,0.1679,19254.0,1696827599999,3233.4034,20,0.0,0.0,0
1696827600000,0.1679,0.1682,0.1678,0.1682,9647.0,1696828499999,1620.8298,15,4928.0,827.831,0
1696828500000,0.1684,0.1684,0.1679,0.168,27768.0,1696829399999,4670.1802,53,4808.0,807.9608,0
1696829400000,0.168,0.168,0.1675,0.1677,35242.0,1696830299999,5910.7915,50,20962.0,3517.3927,0
1696830300000,0.1678,0.1678,0.1669,0.1669,38520.0,1696831199999,6446.2314,60,2249.0,377.0377,0
1696831200000,0.1669,0.1673,0.1668,0.1673,27502.0,1696832099999,4590.9918,45,6616.0,1104.6239,0
1696832100000,0.1672,0.1672,0.1669,0.1672,4169.0,1696832999999,696.6073,18,1276.0,213.1544,0
1696833000000,0.1671,0.1671,0.1668,0.167,4758.0,1696833899999,794.5827,15,823.0,137.418,0
1696833900000,0.167,0.167,0.1667,0.1669,36372.0,1696834799999,6064.7843,42,18720.0,3121.9214,0
1696834800000,0.1668,0.1669,0.1664,0.1664,27780.0,1696835699999,4627.4724,52,6079.0,1012.9502,0
1696835700000,0.1665,0.1665,0.1653,0.1654,157474.0,1696836599999,26083.2557,187,35983.0,5955.1809,0
1696836600000,0.1654,0.1655,0.1651,0.1653,65700.0,1696837499999,10855.6834,63,45422.0,7503.7421,0
1696837500000,0.1654,0.1665,0.1654,0.1661,116415.0,1696838399999,19328.645,152,70419.0,11691.5864,0
1696838400000,0.1661,0.1664,0.1659,0.1663,65444.0,1696839299999,10878.749,75,43774.0,7276.6195,0
1696839300000,0.1664,0.1666,0.1661,0.1663,74888.0,1696840199999,12450.6898,64,12293.0,2044.7415,0
1696840200000,0.1662,0.1662,0.1648,0.1656,122821.0,1696841099999,20318.271,204,72915.0,12063.2588,0
1696841100000,0.1657,0.1658,0.1652,0.1656,49765.0,1696841999999,8238.1164,64,32324.0,5350.6131,0
1696842000000,0.1654,0.1659,0.1652,0.1656,139335.0,1696842899999,23061.8043,137,57537.0,9525.9339,0
1696842900000,0.1655,0.1657,0.1655,0.1657,10744.0,1696843799999,1778.4523,17,2583.0,427.7632,0
1696843800000,0.1656,0.1656,0.1643,0.1644,85100.0,1696844699999,14020.1154,139,20530.0,3379.5805,0
1696844700000,0.1643,0.1644,0.1599,0.1617,719124.0,1696845599999,116102.6358,1065,335749.0,54219.7536,0
1696845600000,0.1617,0.1625,0.1614,0.1621,144616.0,1696846499999,23434.5283,217,76134.0,12332.9314,0
1696846500000,0.162,0.1626,0.1617,0.1624,201092.0,1696847399999,32628.6396,217,119196.0,19352.8471,0
1696847400000,0.1623,0.1625,0.162,0.1623,45783.0,1696848299999,7428.6361,89,14156.0,2297.8589,0
1696848300000,0.1622,0.1629,0.162,0.1624,77104.0,1696849199999,12521.5704,107,55812.0,9064.3548,0
1696849200000,0.1624,0.1627,0.1622,0.1627,51842.0,1696850099999,8419.9173,78,35231.0,5722.2943,0
1696850100000,0.1627,0.1627,0.1616,0.1623,97910.0,1696850999999,15858.9625,128,47591.0,7712.2792,0
1696851000000,0.1623,0.1626,0.1621,0.1625,27209.0,1696851899999,4419.7155,48,4474.0,726.8333,0
1696851900000,0.1623,0.1623,0.1614,0.1619,116666.0,1696852799999,18869.6039,160,52665.0,8516.8759,0
1696852800000,0.1619,0.1619,0.1613,0.1614,78881.0,1696853699999,12732.7813,85,17638.0,2847.8638,0
1696853700000,0.1613,0.1621,0.1612,0.1621,30405.0,1696854599999,4913.0941,54,11640.0,1880.5069,0
1696854600000,0.1619,0.1622,0.1618,0.162,36805.0,1696855499999,5965.337,41,13231.0,2144.9182,0
1696855500000,0.1617,0.1621,0.1615,0.1619,146803.0,1696856399999,23732.8808,135,17840.0,2885.2084,0
1696856400000,0.1619,0.1624,0.1617,0.1623,80465.0,1696857299999,13037.6463,100,44725.0,7251.5647,0
1696857300000,0.1623,0.1625,0.162,0.1621,36670.0,1696858199999,5948.8054,53,20834.0,3380.3287,0
1696858200000,0.1622,0.1626,0.1621,0.1625,40319.0,1696859099999,6549.4149,41,31382.0,5099.3902,0
1696859100000,0.1625,0.1629,0.1624,0.1629,21659.0,1696859999999,3521.7602,36,1593.0,258.9996,0
1696860000000,0.1628,0.1629,0.1625,0.1627,36919.0,1696860899999,6006.3842,42,11752.0,1911.5335,0
1696860900000,0.1627,0.1632,0.1627,0.1629,21930.0,1696861799999,3572.3877,41,10696.0,1743.1812,0
1696861800000,0.1628,0.1628,0.1624,0.1625,24328.0,1696862699999,3957.4833,32,13768.0,2240.1327,0
1696862700000,0.1623,0.1626,0.1622,0.1623,27046.0,1696863599999,4391.7913,49,14191.0,2304.9996,0
1696863600000,0.1622,0.1625,0.162,0.1625,55466.0,1696864499999,8996.4171,69,17038.0,2763.3234,0
1696864500000,0.1624,0.1625,0.1622,0.1622,22926.0,1696865399999,3722.7997,35,13261.0,2153.8357,0
1696865400000,0.1622,0.1627,0.1617,0.1617,108409.0,1696866299999,17579.7684,89,76167.0,12361.033,0
1696866300000,0.1618,0.1619,0.1615,0.1618,32596.0,1696867199999,5269.1702,45,24735.0,3998.7916,0
1696867200000,0.1618,0.1619,0.1608,0.1613,138065.0,1696868099999,22279.7268,203,48422.0,7814.3245,0
1696868100000,0.1613,0.1621,0.1596,0.1605,162498.0,1696868999999,26157.7112,246,74850.0,12067.8246,0
1696869000000,0.1606,0.1612,0.1577,0.1592,329112.0,1696869899999,52562.7591,590,166138.0,26536.8214,0
1696869900000,0.1593,0.16,0.1589,0.1599,114770.0,1696870799999,18317.6662,156,62916.0,10040.6198,0
1696870800000,0.1598,0.1599,0.1595,0.1596,18986.0,1696871699999,3031.1433,46,9221.0,1472.42,0
1696871700000,0.16,0.1604,0.1599,0.1601,18133.0,1696872599999,2904.3496,41,7992.0,1280.265,0
1696872600000,0.1602,0.1611,0.1601,0.1609,63688.0,1696873499999,10215.1389,60,55375.0,8880.7786,0
1696873500000,0.1609,0.1615,0.1609,0.1615,10485.0,1696874399999,1692.5336,24,9171.0,1480.4755,0
1696874400000,0.1617,0.162,0.1615,0.1619,45839.0,1696875299999,7415.3163,69,32689.0,5289.517,0
1696875300000,0.162,0.1622,0.1617,0.1618,35279.0,1696876199999,5714.4656,45,17060.0,2764.7623,0
1696876200000,0.1619,0.1623,0.1618,0.1619,43697.0,1696877099999,7081.1172,49,13838.0,2242.0638,0
1696877100000,0.162,0.1621,0.1618,0.1618,60121.0,1696877999999,9739.5423,34,18177.0,2944.6582,0
1696878000000,0.1617,0.162,0.1616,0.1619,36831.0,1696878899999,5959.7079,38,5707.0,923.1541,0
1696878900000,0.1619,0.1623,0.1618,0.1622,25013.0,1696879799999,4057.1847,30,7748.0,1256.6774,0
1696879800000,0.1621,0.1623,0.1618,0.162,55103.0,1696880699999,8924.6736,38,5857.0,949.8579,0
1696880700000,0.162,0.1623,0.162,0.1623,1983.0,1696881599999,321.2838,3,1115.0,180.6678,0
1696881600000,0.1622,0.1627,0.1622,0.1625,24449.0,1696882499999,3973.9507,43,11541.0,1875.9798,0
1696882500000,0.1624,0.1626,0.1623,0.1623,47054.0,1696883399999,7643.2248,48,23363.0,3794.8081,0
1696883400000,0.1622,0.1624,0.162,0.1621,19108.0,1696884299999,3100.9215,19,11588.0,1880.803,0
1696884300000,0.1621,0.1621,0.1619,0.162,2309.0,1696885199999,373.9312,9,491.0,79.5346,0
1696885200000,0.1619,0.1619,0.1612,0.1612,26857.0,1696886099999,4336.0762,26,3076.0,496.6368,0
1696886100000,0.1613,0.162,0.1613,0.1619,8498.0,1696886999999,1374.1523,18,3451.0,557.7972,0
1696887000000,0.1619,0.1623,0.1619,0.1622,10077.0,1696887899999,1633.7496,18,6161.0,999.1227,0
1696887900000,0.1623,0.1623,0.1621,0.1622,10557.0,1696888799999,1712.0792,10,207.0,33.5899,0
1696888800000,0.1623,0.1626,0.162,0.1623,73727.0,1696889699999,11966.9386,77,53875.0,8744.8089,0
1696889700000,0.1624,0.1624,0.1622,0.1624,11330.0,1696890599999,1839.5459,23,8238.0,1337.6614,0
1696890600000,0.1624,0.1627,0.1624,0.1627,45483.0,1696891499999,7397.152,54,29732.0,4835.6785,0
1696891500000,0.1626,0.1629,0.1625,0.1628,20246.0,1696892399999,3294.5535,29,11760.0,1914.5846,0
1696892400000,0.1627,0.1634,0.1626,0.1633,23199.0,1696893299999,3784.8016,45,14693.0,2397.1437,0
1696893300000,0.1632,0.1634,0.163,0.163,45886.0,1696894199999,7486.7888,61,18339.0,2992.8424,0
1696894200000,0.163,0.163,0.1628,0.163,5027.0,1696895099999,819.3934,8,1851.0,301.713,0
1696895100000,0.1631,0.1634,0.1626,0.1627,110211.0,1696895999999,17971.8214,123,12785.0,2086.278,0
1696896000000,0.1628,0.1654,0.1626,0.1639,609792.0,1696896899999,100236.5353,946,366077.0,60137.8486,0
1696896900000,0.164,0.1645,0.1637,0.1639,55329.0,1696897799999,9084.5615,58,27257.0,4476.8169,0
1696897800000,0.1638,0.1643,0.1635,0.1638,96031.0,1696898699999,15740.0145,100,72946.0,11955.4563,0
1696898700000,0.1635,0.1638,0.163,0.1633,73923.0,1696899599999,12076.7845,72,23525.0,3842.3077,0
1696899600000,0.1634,0.1635,0.163,0.1633,35850.0,1696900499999,5848.6364,49,8368.0,1364.6831,0
1696900500000,0.1633,0.1635,0.1632,0.1635,68602.0,1696901399999,11200.3075,62,15991.0,2611.4179,0
1696901400000,0.1635,0.1635,0.163,0.163,21483.0,1696902299999,3509.0632,13,3743.0,611.2257,0
1696902300000,0.1634,0.164,0.1634,0.1635,50560.0,1696903199999,8286.82,45,37489.0,6144.5147,0
1696903200000,0.1637,0.1637,0.1631,0.1632,30415.0,1696904099999,4965.4517,25,18588.0,3035.1509,0
1696904100000,0.1634,0.1634,0.163,0.163,37063.0,1696904999999,6050.0531,34,29065.0,4745.085,0
1696905000000,0.163,0.1637,0.1629,0.1637,29258.0,1696905899999,4776.3475,35,21899.0,3574.9461,0
1696905900000,0.1637,0.1649,0.1637,0.1645,60315.0,1696906799999,9905.583,93,22495.0,3694.748,0
1696906800000,0.1645,0.1645,0.164,0.1643,9675.0,1696907699999,1588.7801,18,5036.0,826.66,0
1696907700000,0.1643,0.1645,0.164,0.164,41281.0,1696908599999,6778.9924,52,8089.0,1329.4318,0
1696908600000,0.1641,0.1644,0.164,0.164,84643.0,1696909499999,13901.481,84,21329.0,3503.8824,0
1696909500000,0.164,0.1645,0.164,0.1645,42106.0,1696910399999,6914.2906,48,34202.0,5615.3221,0
1696910400000,0.1643,0.1643,0.1641,0.1643,28878.0,1696911299999,4743.2047,36,17283.0,2838.9849,0
1696911300000,0.1641,0.1641,0.1636,0.1639,11100.0,1696912199999,1818.9523,17,6160.0,1009.2533,0
1696912200000,0.1639,0.1642,0.1638,0.164,2792.0,1696913099999,457.8301,8,499.0,81.8975,0
1696913100000,0.1641,0.1641,0.1636,0.164,6554.0,1696913999999,1073.7556,16,2696.0,441.701,0
1696914000000,0.164,0.1641,0.1637,0.1638,30137.0,1696914899999,4937.609,33,12848.0,2105.6761,0
1696914900000,0.1639,0.1641,0.1639,0.1641,28829.0,1696915799999,4726.0287,15,15616.0,2559.4624,0
1696915800000,0.1641,0.1644,0.1641,0.1643,41533.0,1696916699999,6827.3659,30,2340.0,384.1344,0
1696916700000,0.1643,0.1649,0.1643,0.1646,20155.0,1696917599999,3318.2832,29,3561.0,586.5945,0
1696917600000,0.1645,0.1645,0.1643,0.1644,29298.0,1696918499999,4817.9668,32,3812.0,626.577,0
1696918500000,0.1645,0.1649,0.1644,0.1645,38199.0,1696919399999,6288.2825,43,30026.0,4942.9358,0
1696919400000,0.1647,0.1648,0.1646,0.1646,10326.0,1696920299999,1699.9984,17,240.0,39.552,0
1696920300000,0.1647,0.165,0.1645,0.165,20084.0,1696921199999,3309.5702,31,17271.0,2846.2061,0
1696921200000,0.165,0.165,0.1647,0.1649,2557.0,1696922099999,421.504,13,731.0,120.4669,0
1696922100000,0.165,0.1651,0.1647,0.1649,32144.0,1696922999999,5301.412,27,21510.0,3548.7148,0
1696923000000,0.1649,0.1652,0.1647,0.1647,40488.0,1696923899999,6683.7002,48,1361.0,224.5797,0
1696923900000,0.1651,0.1652,0.1643,0.1644,41909.0,1696924799999,6910.0533,36,22238.0,3668.1831,0
1696924800000,0.1644,0.1652,0.1643,0.1649,62712.0,1696925699999,10338.9001,64,50430.0,8316.0773,0
1696925700000,0.165,0.165,0.1648,0.1648,33391.0,1696926599999,5507.6721,33,22544.0,3719.2408,0
1696926600000,0.1648,0.1648,0.1643,0.1643,77855.0,1696927499999,12824.9363,64,9762.0,1608.2048,0
1696927500000,0.1643,0.1643,0.1641,0.1641,12984.0,1696928399999,2132.062,18,243.0,39.9249,0
1696928400000,0.1641,0.1643,0.1639,0.164,49009.0,1696929299999,8040.8095,51,7469.0,1226.5302,0
1696929300000,0.164,0.164,0.1638,0.1639,6127.0,1696930199999,1004.2362,13,718.0,117.7208,0
1696930200000,0.1638,0.1638,0.1635,0.1636,54295.0,1696931099999,8882.9207,53,16379.0,2679.7077,0
1696931100000,0.1636,0.1643,0.1634,0.1641,103388.0,1696931999999,16941.2769,108,56892.0,9328.4119,0
1696932000000,0.164,0.164,0.1635,0.1635,118845.0,1696932899999,19447.7984,97,2553.0,417.9567,0
1696932900000,0.1638,0.1639,0.1637,0.1639,9875.0,1696933799999,1616.9317,11,1225.0,200.7535,0
1696933800000,0.1638,0.1638,0.163,0.1633,53335.0,1696934699999,8709.1344,64,17890.0,2922.199,0
1696934700000,0.1634,0.1637,0.1634,0.1636,56192.0,1696935599999,9192.1647,68,18800.0,3075.6708,0
1696935600000,0.1636,0.1638,0.1634,0.1638,28581.0,1696936499999,4677.2902,37,17232.0,2820.6071,0
1696936500000,0.1637,0.1637,0.1631,0.1632,79857.0,1696937399999,13041.4122,70,13700.0,2240.617,0
1696937400000,0.1632,0.1633,0.1627,0.1629,192712.0,1696938299999,31390.5896,134,43529.0,7097.1769,0
1696938300000,0.1629,0.1631,0.1628,0.163,72463.0,1696939199999,11808.9648,75,22634.0,3689.269,0
1696939200000,0.1627,0.1631,0.1627,0.163,129432.0,1696940099999,21076.7582,69,48063.0,7823.368,0
1696940100000,0.163,0.1631,0.163,0.1631,29439.0,1696940999999,4799.9425,37,9273.0,1511.9633,0
1696941000000,0.1631,0.1631,0.1627,0.1627,4106.0,1696941899999,669.0829,12,416.0,67.7707,0
1696941900000,0.1628,0.1628,0.162,0.1621,23892.0,1696942799999,3878.8558,63,2402.0,390.2844,0
1696942800000,0.1622,0.1624,0.1621,0.1621,26041.0,1696943699999,4221.8544,32,4909.0,796.327,0
1696943700000,0.162,0.1628,0.162,0.1627,50780.0,1696944599999,8240.7381,51,36232.0,5880.3646,0
1696944600000,0.1627,0.1629,0.1621,0.1623,67162.0,1696945499999,10914.2955,75,32269.0,5251.5702,0
1696945500000,0.1626,0.163,0.1626,0.1629,11191.0,1696946399999,1821.5655,14,5196.0,846.4603,0
1696946400000,0.1629,0.1642,0.1629,0.1641,40275.0,1696947299999,6598.2428,40,11060.0,1814.7263,0
1696947300000,0.164,0.1644,0.1638,0.1641,19993.0,1696948199999,3281.2207,30,8415.0,1381.0835,0
1696948200000,0.1639,0.1642,0.1636,0.1641,56749.0,1696949099999,9293.2486,73,27082.0,4435.9568,0
1696949100000,0.164,0.164,0.1624,0.1629,47486.0,1696949999999,7742.9144,67,15610.0,2540.1812,0
1696950000000,0.1629,0.1631,0.1625,0.1626,45538.0,1696950899999,7405.9136,73,1908.0,310.7143,0
1696950900000,0.1627,0.1629,0.1624,0.1626,43198.0,1696951799999,7025.476,60,14456.0,2351.9445,0
1696951800000,0.1626,0.163,0.1625,0.163,58690.0,1696952699999,9545.6537,52,13135.0,2137.1027,0
1696952700000,0.1628,0.1631,0.1627,0.1628,16590.0,1696953599999,2700.5921,18,6464.0,1052.488,0
1696953600000,0.1626,0.1628,0.1622,0.1628,112714.0,1696954499999,18313.2018,76,18059.0,2935.4133,0
1696954500000,0.1628,0.1632,0.1623,0.1629,68533.0,1696955399999,11165.4347,78,34600.0,5640.5874,0
1696955400000,0.1632,0.1632,0.1624,0.1627,56101.0,1696956299999,9133.7713,49,25516.0,4156.6698,0
1696956300000,0.1628,0.163,0.1626,0.1626,28059.0,1696957199999,4569.8895,22,1153.0,187.703,0
1696957200000,0.1627,0.1628,0.1621,0.1623,14227.0,1696958099999,2311.1298,42,2698.0,438.3287,0
1696958100000,0.1623,0.1625,0.162,0.1625,15561.0,1696958999999,2526.45,38,7529.0,1222.8296,0
1696959000000,0.1626,0.1626,0.1621,0.1625,17918.0,1696959899999,2909.8547,31,12803.0,2079.3247,0
1696959900000,0.1625,0.1625,0.162,0.162,32989.0,1696960799999,5347.9855,22,304.0,49.3547,0
1696960800000,0.1622,0.1625,0.1622,0.1625,21898.0,1696961699999,3552.5612,33,21216.0,3441.9408,0
1696961700000,0.1623,0.163,0.1623,0.163,9800.0,1696962599999,1594.1917,13,3181.0,518.0905,0
1696962600000,0.163,0.1631,0.1628,0.1629,9283.0,1696963499999,1512.9045,18,7555.0,1231.3725,0
1696963500000,0.1629,0.163,0.1625,0.1628,20572.0,1696964399999,3345.9074,24,3148.0,512.3705,0
1696964400000,0.1628,0.1631,0.1628,0.1631,18820.0,1696965299999,3067.3476,30,12220.0,1991.5219,0
1696965300000,0.1631,0.1633,0.163,0.1631,18674.0,1696966199999,3047.1149,20,11465.0,1871.5407,0
1696966200000,0.163,0.1633,0.163,0.1632,40062.0,1696967099999,6535.2321,23,36701.0,5986.7169,0
1696967100000,0.1632,0.1633,0.163,0.1631,21830.0,1696967999999,3561.3504,33,13697.0,2234.9244,0
1696968000000,0.1631,0.1633,0.1631,0.1631,11060.0,1696968899999,1804.4355,16,4114.0,671.5429,0
1696968900000,0.163,0.163,0.1626,0.1626,39730.0,1696969799999,6461.5396,25,835.0,135.8361,0
1696969800000,0.1626,0.1626,0.1621,0.1621,26671.0,1696970699999,4328.5956,27,2493.0,404.8336,0
1696970700000,0.1621,0.1624,0.1609,0.1624,81853.0,1696971599999,13213.4349,128,38978.0,6292.3783,0
1696971600000,0.1622,0.1624,0.1618,0.1624,31948.0,1696972499999,5175.5578,32,4356.0,706.5496,0
1696972500000,0.1624,0.1629,0.1624,0.1628,30018.0,1696973399999,4885.0893,34,17085.0,2779.8586,0
1696973400000,0.1628,0.1628,0.1624,0.1625,36606.0,1696974299999,5952.2402,37,1384.0,225.0788,0
1696974300000,0.1626,0.1628,0.1626,0.1627,3536.0,1696975199999,575.2327,8,1539.0,250.3386,0
1696975200000,0.1628,0.1632,0.1628,0.1631,22923.0,1696976099999,3736.3764,36,19337.0,3152.0263,0
1696976100000,0.1631,0.1632,0.1631,0.1631,19631.0,1696976999999,3203.6839,11,18678.0,3048.2496,0
1696977000000,0.1631,0.1631,0.163,0.163,7646.0,1696977899999,1246.7534,8,4000.0,652.4,0
1696977900000,0.1631,0.1632,0.1631,0.1632,12159.0,1696978799999,1983.3992,12,12159.0,1983.3992,0
1696978800000,0.1632,0.1636,0.1629,0.1629,59246.0,1696979699999,9678.0453,62,47969.0,7836.7783,0
1696979700000,0.1628,0.1631,0.1627,0.1629,10415.0,1696980599999,1696.468,14,9975.0,1624.763,0
1696980600000,0.1628,0.1628,0.1628,0.1628,1662.0,1696981499999,270.5736,4,1662.0,270.5736,0
1696981500000,0.1629,0.1629,0.1623,0.1626,30318.0,1696982399999,4933.6974,34,2329.0,378.5464,0
1696982400000,0.1626,0.1627,0.1622,0.1624,26499.0,1696983299999,4304.6814,39,5221.0,847.5736,0
1696983300000,0.1624,0.1624,0.1619,0.1619,71540.0,1696984199999,11603.4644,48,16505.0,2678.6081,0
1696984200000,0.162,0.1626,0.162,0.1626,22061.0,1696985099999,3580.7525,27,18985.0,3080.7577,0
1696985100000,0.1625,0.163,0.1625,0.163,31104.0,1696985999999,5061.2295,40,12399.0,2018.6586,0
1696986000000,0.163,0.1631,0.1628,0.163,26964.0,1696986899999,4392.9293,39,8663.0,1412.3103,0
1696986900000,0.163,0.1631,0.163,0.1631,21720.0,1696987799999,3542.0443,34,14588.0,2379.1897,0
1696987800000,0.163,0.163,0.1627,0.1628,25359.0,1696988699999,4127.5924,25,812.0,132.2549,0
1696988700000,0.163,0.1634,0.163,0.1633,34464.0,1696989599999,5625.9078,48,16994.0,2772.835,0
1696989600000,0.1634,0.1635,0.1632,0.1632,15836.0,1696990499999,2588.2061,18,9072.0,1482.3686,0
1696990500000,0.1633,0.1633,0.1627,0.1629,21304.0,1696991399999,3472.7539,21,11095.0,1810.2732,0
1696991400000,0.1629,0.1629,0.1588,0.1608,384510.0,1696992299999,61736.0093,649,144375.0,23158.1635,0
1696992300000,0.1607,0.1612,0.1607,0.161,70895.0,1696993199999,11415.8459,101,27724.0,4463.6084,0
1696993200000,0.1611,0.1616,0.1608,0.1613,30794.0,1696994099999,4964.8361,55,15033.0,2424.4098,0
1696994100000,0.1614,0.1618,0.1613,0.1618,23405.0,1696994999999,3778.5119,36,5627.0,909.1316,0
1696995000000,0.1618,0.1618,0.1613,0.1615,22913.0,1696995899999,3700.4318,32,3715.0,599.9846,0
1696995900000,0.1615,0.162,0.1609,0.1609,54358.0,1696996799999,8766.6708,77,9780.0,1581.6021,0
1696996800000,0.161,0.1612,0.1608,0.1609,59369.0,1696997699999,9559.5561,79,7236.0,1165.8461,0
1696997700000,0.1609,0.1615,0.1607,0.1614,204874.0,1696998599999,33014.7854,170,70013.0,11288.935,0
1696998600000,0.1615,0.1618,0.1615,0.1617,40867.0,1696999499999,6607.576,48,26013.0,4205.2599,0
1696999500000,0.1618,0.1619,0.1616,0.1616,33074.0,1697000399999,5347.4536,46,10541.0,1704.3727,0
1697000400000,0.1615,0.1616,0.1613,0.1615,24040.0,1697001299999,3880.5726,32,2468.0,398.6457,0
1697001300000,0.1616,0.1616,0.161,0.1613,18971.0,1697002199999,3059.8864,35,7325.0,1181.3763,0
1697002200000,0.1612,0.1616,0.1611,0.1616,3936.0,1697003099999,634.4666,10,867.0,139.9745,0
1697003100000,0.1615,0.1617,0.161,0.1612,24803.0,1697003999999,3999.6242,44,10770.0,1737.9632,0
1697004000000,0.1612,0.1613,0.1609,0.1609,64561.0,1697004899999,10399.9207,59,46408.0,7476.4388,0
1697004900000,0.1608,0.1614,0.1607,0.161,4862.0,1697005799999,783.5964,16,3957.0,637.912,0
1697005800000,0.161,0.1614,0.161,0.1614,3620.0,1697006699999,583.4678,11,2674.0,431.0096,0
1697006700000,0.1613,0.1613,0.1611,0.1611,1706.0,1697007599999,274.8869,6,928.0,149.5156,0
1697007600000,0.161,0.1614,0.161,0.1611,8655.0,1697008499999,1394.9427,14,723.0,116.6482,0
1697008500000,0.161,0.1612,0.1605,0.1612,45421.0,1697009399999,7305.3476,80,12473.0,2005.1767,0
1697009400000,0.1612,0.1614,0.1611,0.1614,22081.0,1697010299999,3559.7038,23,2788.0,449.7124,0
1697010300000,0.1614,0.1614,0.1608,0.1608,49202.0,1697011199999,7920.345,57,7159.0,1153.874,0
1697011200000,0.1608,0.161,0.1607,0.1609,95286.0,1697012099999,15330.3326,71,42752.0,6875.096,0
1697012100000,0.1609,0.1609,0.1605,0.1605,60116.0,1697012999999,9662.1832,41,38312.0,6158.0583,0
1697013000000,0.1605,0.1613,0.1605,0.1612,29301.0,1697013899999,4717.8242,49,11417.0,1836.1338,0
1697013900000,0.1614,0.1614,0.1611,0.1613,8287.0,1697014799999,1335.9331,19,1562.0,251.7766,0
1697014800000,0.1614,0.1618,0.1613,0.1617,6135.0,1697015699999,990.7696,21,1808.0,291.8964,0
1697015700000,0.1618,0.1618,0.1615,0.1615,61656.0,1697016599999,9969.1878,74,16249.0,2628.3293,0
1697016600000,0.1614,0.1621,0.1614,0.1621,15437.0,1697017499999,2496.0777,21,12129.0,1961.0351,0
1697017500000,0.1621,0.1624,0.1621,0.1621,58519.0,1697018399999,9492.9878,52,34296.0,5563.4945,0
1697018400000,0.1622,0.1622,0.1619,0.1619,39453.0,1697019299999,6397.7253,21,24154.0,3917.4368,0
1697019300000,0.1618,0.162,0.1618,0.162,13895.0,1697020199999,2250.0539,12,7541.0,1221.0255,0
1697020200000,0.1619,0.1619,0.1616,0.1617,16080.0,1697021099999,2600.8006,22,9771.0,1580.4333,0
1697021100000,0.1617,0.1618,0.1616,0.1617,7782.0,1697021999999,1257.634,21,3120.0,504.2124,0
1697022000000,0.1618,0.1619,0.1617,0.1617,8489.0,1697022899999,1372.9492,30,609.0,98.5971,0
1697022900000,0.1617,0.1617,0.1616,0.1616,5563.0,1697023799999,899.4286,23,120.0,19.404,0
1697023800000,0.1616,0.1616,0.1615,0.1615,27393.0,1697024699999,4426.1481,33,22892.0,3699.1901,0
1697024700000,0.1614,0.1616,0.1614,0.1615,3814.0,1697025599999,615.8617,10,1886.0,304.6736,0
1697025600000,0.1616,0.1619,0.1616,0.1619,27546.0,1697026499999,4453.9274,26,17413.0,2814.1663,0
1697026500000,0.1618,0.1618,0.1615,0.1616,24978.0,1697027399999,4035.5444,27,1576.0,254.6914,0
1697027400000,0.1617,0.1618,0.1608,0.1612,32562.0,1697028299999,5253.0651,41,10280.0,1660.3688,0
1697028300000,0.1612,0.1614,0.161,0.1613,22180.0,1697029199999,3573.7516,25,2272.0,366.5677,0
1697029200000,0.1614,0.1616,0.1612,0.1612,82991.0,1697030099999,13407.2387,53,31316.0,5059.4997,0
1697030100000,0.1611,0.1611,0.1611,0.1611,9439.0,1697030999999,1520.6229,11,1140.0,183.654,0
1697031000000,0.1611,0.1612,0.1609,0.1612,4881.0,1697031899999,785.9715,10,355.0,57.1844,0
1697031900000,0.1611,0.1613,0.161,0.1613,12353.0,1697032799999,1991.2446,17,7936.0,1279.7991,0
1697032800000,0.1614,0.1616,0.1613,0.1613,19398.0,1697033699999,3130.2031,17,2594.0,419.024,0
1697033700000,0.1613,0.1613,0.1608,0.1608,74376.0,1697034599999,11982.1987,57,11252.0,1811.6104,0
1697034600000,0.1607,0.1611,0.1607,0.1609,35664.0,1697035499999,5743.35,38,28550.0,4598.3879,0
1697035500000,0.1608,0.1609,0.1607,0.1607,29299.0,1697036399999,4709.0146,33,4445.0,714.7572,0
1697036400000,0.1607,0.1607,0.1607,0.1607,3889.0,1697037299999,624.9623,3,0.0,0.0,0
1697037300000,0.1605,0.1605,0.1584,0.1593,155501.0,1697038199999,24768.8421,219,50252.0,8010.3294,0
1697038200000,0.1595,0.1596,0.1586,0.1587,75692.0,1697039099999,12036.6641,100,20784.0,3306.6615,0
1697039100000,0.1588,0.1593,0.1587,0.1591,35695.0,1697039999999,5675.9197,59,10841.0,1722.6695,0
1697040000000,0.1591,0.1591,0.1583,0.1591,75888.0,1697040899999,12052.3555,112,30818.0,4897.944,0
1697040900000,0.159,0.1592,0.1588,0.159,16308.0,1697041799999,2592.2763,31,9878.0,1569.6962,0
1697041800000,0.159,0.159,0.1584,0.1584,27543.0,1697042699999,4367.3045,30,7288.0,1154.8351,0
1697042700000,0.1583,0.1586,0.1575,0.1582,58112.0,1697043599999,9165.3165,125,13287.0,2096.8053,0
1697043600000,0.1579,0.1584,0.1575,0.1582,79808.0,1697044499999,12612.1792,73,29562.0,4669.0742,0
1697044500000,0.1581,0.1585,0.1579,0.158,111974.0,1697045399999,17708.7096,80,9824.0,1554.1191,0
1697045400000,0.1579,0.158,0.1576,0.1579,52260.0,1697046299999,8250.168,61,22570.0,3563.9742,0
1697046300000,0.1578,0.1581,0.1573,0.1577,40668.0,1697047199999,6413.8881,48,18417.0,2905.5648,0
1697047200000,0.1576,0.1578,0.1568,0.1576,88803.0,1697048099999,13955.7952,135,33653.0,5292.9909,0
1697048100000,0.1576,0.1582,0.1575,0.158,25230.0,1697048999999,3981.0968,36,11729.0,1851.1853,0
1697049000000,0.1581,0.1583,0.158,0.1581,37481.0,1697049899999,5926.5394,43,15734.0,2488.6179,0
1697049900000,0.158,0.1584,0.158,0.1584,2154.0,1697050799999,340.8503,8,1497.0,236.9737,0
1697050800000,0.1584,0.1584,0.158,0.158,16355.0,1697051699999,2586.6761,31,8789.0,1390.2517,0
1697051700000,0.1581,0.1582,0.158,0.158,1618.0,1697052599999,255.7536,6,1045.0,165.2076,0
1697052600000,0.158,0.1582,0.1578,0.1582,48382.0,1697053499999,7647.9453,60,32062.0,5068.052,0
1697053500000,0.1581,0.1586,0.1581,0.1583,37868.0,1697054399999,5999.484,57,32326.0,5121.8493,0
1697054400000,0.1582,0.1582,0.1577,0.1578,18453.0,1697055299999,2914.0192,35,7805.0,1232.099,0
1697055300000,0.1577,0.1578,0.1576,0.1576,2606.0,1697056199999,411.0213,14,739.0,116.5593,0
1697056200000,0.1577,0.1578,0.1573,0.1575,5605.0,1697057099999,882.8291,16,2983.0,469.85,0
1697057100000,0.1575,0.1577,0.1573,0.1577,1560.0,1697057999999,245.6335,9,330.0,51.9824,0
1697058000000,0.1576,0.1576,0.1575,0.1576,1510.0,1697058899999,237.9393,8,586.0,92.3536,0
1697058900000,0.1577,0.158,0.1576,0.1577,34178.0,1697059799999,5393.2698,52,21935.0,3461.5343,0
1697059800000,0.1577,0.1578,0.1573,0.1574,38758.0,1697060699999,6108.5273,41,3594.0,565.8182,0
1697060700000,0.1574,0.1579,0.1574,0.1579,52564.0,1697061599999,8286.5056,57,35810.0,5645.9221,0
1697061600000,0.1581,0.1582,0.1581,0.1582,10792.0,1697062499999,1707.2731,8,10579.0,1673.5978,0
1697062500000,0.1582,0.1586,0.1582,0.1585,18424.0,1697063399999,2918.3448,29,14665.0,2323.1433,0
1697063400000,0.1585,0.1588,0.1585,0.1587,45678.0,1697064299999,7245.7617,49,29112.0,4617.562,0
1697064300000,0.1587,0.1587,0.1585,0.1587,3855.0,1697065199999,611.4178,7,572.0,90.7764,0
1697065200000,0.1588,0.159,0.1585,0.1586,67039.0,1697066099999,10639.4766,88,33993.0,5396.0217,0
1697066100000,0.1587,0.1589,0.1587,0.1589,2537.0,1697066999999,402.7664,5,916.0,145.5039,0
1697067000000,0.1586,0.1589,0.1586,0.1589,3275.0,1697067899999,519.9407,8,1976.0,313.7273,0
1697067900000,0.159,0.159,0.1588,0.159,4707.0,1697068799999,748.1569,12,4587.0,729.1009,0
1697068800000,0.1591,0.1591,0.1583,0.1584,21020.0,1697069699999,3337.1039,44,3311.0,525.9505,0
1697069700000,0.1585,0.1585,0.1584,0.1584,673.0,1697070599999,106.6663,2,673.0,106.6663,0
1697070600000,0.1583,0.1585,0.158,0.1581,56753.0,1697071499999,8981.6881,70,21221.0,3358.9278,0
1697071500000,0.1581,0.1583,0.158,0.1583,29389.0,1697072399999,4646.9626,40,23645.0,3739.0742,0
1697072400000,0.1582,0.1582,0.1574,0.1574,60610.0,1697073299999,9553.9493,67,13774.0,2168.0355,0
1697073300000,0.1574,0.1574,0.1569,0.1574,69777.0,1697074199999,10971.2766,65,50863.0,7995.9013,0
1697074200000,0.1574,0.1574,0.1568,0.1568,48057.0,1697075099999,7551.9147,58,18576.0,2917.3228,0
1697075100000,0.1569,0.1569,0.1562,0.1565,53470.0,1697075999999,8366.8529,60,1472.0,230.4782,0
1697076000000,0.1565,0.1565,0.156,0.1563,37804.0,1697076899999,5904.196,49,16353.0,2554.8029,0
1697076900000,0.1563,0.1572,0.1561,0.1571,149609.0,1697077799999,23451.4755,149,89881.0,14090.1314,0
1697077800000,0.1572,0.1577,0.1572,0.1577,53421.0,1697078699999,8418.0852,68,30667.0,4832.1361,0
1697078700000,0.1577,0.1582,0.1575,0.158,30700.0,1697079599999,4846.6008,38,17422.0,2750.9834,0
1697079600000,0.158,0.1583,0.1579,0.1581,99195.0,1697080499999,15689.5032,89,66080.0,10452.4512,0
1697080500000,0.1581,0.1581,0.1577,0.1579,29480.0,1697081399999,4656.8633,53,5302.0,837.1197,0
1697081400000,0.1578,0.158,0.1576,0.1578,240946.0,1697082299999,38015.9558,149,59053.0,9322.6397,0
1697082300000,0.1578,0.158,0.1576,0.1577,69387.0,1697083199999,10952.8131,34,40336.0,6370.0126,0
1697083200000,0.1575,0.1576,0.1575,0.1576,7067.0,1697084099999,1113.4667,11,2500.0,393.7532,0
1697084100000,0.1576,0.1578,0.1575,0.1578,21859.0,1697084999999,3446.9367,10,21553.0,3398.7417,0
1697085000000,0.1578,0.1579,0.1576,0.1576,6111.0,1697085899999,964.2634,8,1095.0,172.8004,0
1697085900000,0.1577,0.1582,0.1577,0.1579,240432.0,1697086799999,37990.9845,159,209718.0,33137.1438,0
1697086800000,0.1579,0.1581,0.1578,0.158,68159.0,1697087699999,10765.1841,100,34555.0,5460.9417,0
1697087700000,0.1581,0.1583,0.158,0.1582,50045.0,1697088599999,7913.5675,58,20087.0,3176.4751,0
1697088600000,0.1582,0.1586,0.1581,0.1586,7592.0,1697089499999,1202.6105,17,6910.0,1094.5925,0
1697089500000,0.1586,0.1591,0.1586,0.159,26993.0,1697090399999,4288.6028,53,24524.0,3896.5168,0
1697090400000,0.1591,0.1599,0.1591,0.1599,126175.0,1697091299999,20139.3653,157,91585.0,14620.1355,0
1697091300000,0.16,0.1608,0.16,0.1606,121956.0,1697092199999,19558.6128,183,80443.0,12902.58,0
1697092200000,0.1606,0.1609,0.1606,0.1609,72338.0,1697093099999,11636.1556,67,26409.0,4247.2723,0
1697093100000,0.1608,0.1608,0.1603,0.1604,118392.0,1697093999999,19005.6443,111,35399.0,5677.9405,0
1697094000000,0.1603,0.1607,0.1603,0.1605,19184.0,1697094899999,3080.3371,28,18280.0,2935.2948,0
1697094900000,0.1604,0.1604,0.1601,0.1604,23365.0,1697095799999,3743.6504,21,5188.0,831.2959,0
1697095800000,0.1603,0.1604,0.1602,0.1603,16755.0,1697096699999,2686.6053,26,8731.0,1400.2612,0
1697096700000,0.1605,0.1605,0.1601,0.1602,32812.0,1697097599999,5257.1721,30,12056.0,1931.7806,0
1697097600000,0.1602,0.1603,0.1597,0.1598,78418.0,1697098499999,12542.0131,58,10144.0,1624.9757,0
1697098500000,0.1598,0.16,0.1597,0.1597,10788.0,1697099399999,1723.935,17,4159.0,664.8759,0
1697099400000,0.1596,0.1599,0.1596,0.1596,141879.0,1697100299999,22660.551,97,18914.0,3021.3893,0
1697100300000,0.1596,0.1596,0.1594,0.1596,40483.0,1697101199999,6457.3632,39,11477.0,1830.557,0
1697101200000,0.1595,0.1596,0.1594,0.1596,31751.0,1697102099999,5063.4565,39,12691.0,2024.2573,0
1697102100000,0.1595,0.1596,0.1587,0.1589,247904.0,1697102999999,39432.709,168,85344.0,13569.7922,0
1697103000000,0.1588,0.1588,0.158,0.1583,216780.0,1697103899999,34363.4606,191,112335.0,17812.0317,0
1697103900000,0.1584,0.1584,0.1567,0.1575,84637.0,1697104799999,13342.4621,155,30559.0,4813.7293,0
1697104800000,0.1575,0.158,0.157,0.1577,211391.0,1697105699999,33324.0911,226,118915.0,18753.7951,0
1697105700000,0.1577,0.1577,0.1575,0.1576,26476.0,1697106599999,4173.2978,48,17293.0,2726.1662,0
1697106600000,0.1575,0.1576,0.157,0.1575,85310.0,1697107499999,13409.035,63,10885.0,1711.9789,0
1697107500000,0.1574,0.1575,0.157,0.157,69413.0,1697108399999,10912.1537,61,21800.0,3432.2855,0
1697108400000,0.1571,0.1574,0.157,0.1571,26713.0,1697109299999,4201.3791,52,23333.0,3670.1024,0
1697109300000,0.1571,0.1574,0.1571,0.1573,43892.0,1697110199999,6905.1093,57,32795.0,5159.0727,0
1697110200000,0.1574,0.1578,0.1574,0.1577,7547.0,1697111099999,1189.6975,22,4041.0,637.0127,0
1697111100000,0.1578,0.1585,0.1578,0.1582,8333.0,1697111999999,1317.5055,18,5557.0,878.2286,0
1697112000000,0.1582,0.1585,0.1578,0.1581,10579.0,1697112899999,1670.7173,30,9681.0,1528.7835,0
1697112900000,0.1581,0.1582,0.1578,0.1578,13399.0,1697113799999,2115.9915,34,4885.0,771.914,0
1697113800000,0.1578,0.1586,0.1576,0.1581,89956.0,1697114699999,14242.8037,108,76535.0,12121.2292,0
1697114700000,0.1582,0.1584,0.1579,0.1583,89927.0,1697115599999,14229.0566,69,40296.0,6376.6108,0
1697115600000,0.1583,0.159,0.1583,0.1589,75335.0,1697116499999,11964.5429,45,66396.0,10547.1437,0
1697116500000,0.1589,0.1591,0.1583,0.1583,21993.0,1697117399999,3491.8481,28,8230.0,1308.1693,0
1697117400000,0.1582,0.1582,0.1577,0.1578,41627.0,1697118299999,6578.7889,34,3445.0,544.4105,0
1697118300000,0.1578,0.1583,0.1577,0.1582,4096.0,1697119199999,646.6542,12,1100.0,173.8493,0
1697119200000,0.1583,0.1584,0.158,0.1582,3880.0,1697120099999,613.5818,14,1130.0,178.6896,0
1697120100000,0.1581,0.1583,0.158,0.1583,25745.0,1697120999999,4071.5386,33,14681.0,2321.9934,0
1697121000000,0.1583,0.1584,0.1579,0.158,38054.0,1697121899999,6018.6499,38,1772.0,280.3841,0
1697121900000,0.158,0.1582,0.1579,0.1581,27566.0,1697122799999,4355.1183,29,4768.0,753.6745,0
1697122800000,0.1581,0.1589,0.1579,0.1589,21392.0,1697123699999,3388.2303,31,12207.0,1936.4205,0
1697123700000,0.1589,0.1589,0.1584,0.1584,14764.0,1697124599999,2341.3141,30,9583.0,1518.4184,0
1697124600000,0.1583,0.1587,0.1582,0.1584,66132.0,1697125499999,10480.9723,62,36663.0,5814.28,0
1697125500000,0.1585,0.1586,0.1582,0.1582,9219.0,1697126399999,1459.9112,14,2189.0,346.8598,0
1697126400000,0.1583,0.1585,0.1583,0.1585,341.0,1697127299999,53.9985,2,341.0,53.9985,0
1697127300000,0.1586,0.1586,0.1564,0.1578,182739.0,1697128199999,28748.1858,294,63901.0,10035.6502,0
1697128200000,0.1576,0.1584,0.1575,0.158,49760.0,1697129099999,7861.4922,75,21044.0,3326.4689,0
1697129100000,0.158,0.1582,0.1575,0.1575,31057.0,1697129999999,4900.7803,64,3897.0,615.6967,0
1697130000000,0.1577,0.1577,0.157,0.1576,78391.0,1697130899999,12334.8854,92,47955.0,7549.0415,0
1697130900000,0.1574,0.1578,0.1573,0.1575,22084.0,1697131799999,3476.6636,37,4609.0,725.8516,0
1697131800000,0.1574,0.1578,0.1571,0.1578,12383.0,1697132699999,1948.8052,28,2778.0,437.265,0
1697132700000,0.1577,0.158,0.1575,0.158,1697.0,1697133599999,267.6745,8,809.0,127.5797,0
1697133600000,0.158,0.1581,0.1578,0.1578,6573.0,1697134499999,1038.3574,12,5550.0,876.8682,0
1697134500000,0.1578,0.1585,0.1578,0.1585,48839.0,1697135399999,7738.0365,37,48233.0,7642.0461,0
1697135400000,0.1584,0.1588,0.1584,0.1586,81658.0,1697136299999,12964.5377,54,35905.0,5700.0634,0
1697136300000,0.1585,0.1586,0.1581,0.1582,8693.0,1697137199999,1376.5934,15,3260.0,515.7778,0
1697137200000,0.1581,0.1584,0.1579,0.1584,8899.0,1697138099999,1406.9173,19,6432.0,1016.8671,0
1697138100000,0.1583,0.1587,0.1583,0.1586,6213.0,1697138999999,985.6022,12,2448.0,388.2213,0
1697139000000,0.1587,0.1591,0.1587,0.159,14848.0,1697139899999,2360.6573,27,10033.0,1595.2931,0
1697139900000,0.159,0.1591,0.1586,0.1586,29122.0,1697140799999,4632.1236,23,23436.0,3728.5239,0
1697140800000,0.1587,0.1589,0.1586,0.1589,10678.0,1697141699999,1694.284,15,656.0,104.1276,0
1697141700000,0.1589,0.1589,0.1585,0.1585,7486.0,1697142599999,1188.1131,21,840.0,133.2555,0
1697142600000,0.1586,0.1591,0.1586,0.1587,7323.0,1697143499999,1163.2754,23,4704.0,747.1959,0
1697143500000,0.1587,0.159,0.1587,0.159,1864.0,1697144399999,295.9784,11,1440.0,228.667,0
1697144400000,0.159,0.159,0.1588,0.1588,4423.0,1697145299999,702.875,16,297.0,47.223,0
1697145300000,0.1587,0.1588,0.1587,0.1588,7498.0,1697146199999,1190.0843,10,1517.0,240.8996,0
1697146200000,0.1588,0.1591,0.1585,0.1588,19766.0,1697147099999,3139.1452,26,5845.0,929.5732,0
1697147100000,0.1588,0.1591,0.1588,0.1591,7363.0,1697147999999,1170.4878,11,1852.0,294.5096,0
1697148000000,0.1592,0.1594,0.1588,0.1589,36343.0,1697148899999,5783.9587,26,27584.0,4391.3047,0
1697148900000,0.159,0.159,0.1585,0.1587,8398.0,1697149799999,1332.4998,16,786.0,124.9236,0
1697149800000,0.1586,0.1589,0.1585,0.1588,8396.0,1697150699999,1331.9084,23,1438.0,228.2201,0
1697150700000,0.1587,0.1591,0.1587,0.1591,18920.0,1697151599999,3008.0511,30,6942.0,1103.6553,0
1697151600000,0.1591,0.1591,0.1588,0.1589,1730.0,1697152499999,274.9778,8,565.0,89.7898,0
1697152500000,0.1587,0.1589,0.1586,0.1587,12607.0,1697153399999,2001.3253,22,6358.0,1009.5758,0
1697153400000,0.1587,0.1591,0.1587,0.1588,32263.0,1697154299999,5126.522,31,8140.0,1293.2058,0
1697154300000,0.1588,0.1588,0.1584,0.1587,122271.0,1697155199999,19387.0189,101,15035.0,2384.9209,0
1697155200000,0.1586,0.1587,0.1582,0.1583,47264.0,1697156099999,7484.6282,73,26283.0,4163.9451,0
1697156100000,0.1585,0.1586,0.1582,0.1583,85522.0,1697156999999,13540.8818,87,7801.0,1236.1169,0
1697157000000,0.1584,0.1588,0.1583,0.1586,43188.0,1697157899999,6847.7837,57,12571.0,1992.1965,0
1697157900000,0.1585,0.1589,0.1585,0.1587,50800.0,1697158799999,8059.1119,59,25841.0,4099.4926,0
1697158800000,0.1588,0.1588,0.1581,0.1583,46372.0,1697159699999,7342.1762,70,21908.0,3468.1661,0
1697159700000,0.1583,0.1585,0.158,0.158,26332.0,1697160599999,4168.1414,20,7766.0,1230.0082,0
1697160600000,0.1581,0.1583,0.1581,0.1583,7776.0,1697161499999,1229.5673,14,7776.0,1229.5673,0
1697161500000,0.1583,0.1587,0.1583,0.1585,40859.0,1697162399999,6476.3532,40,21641.0,3429.5044,0
1697162400000,0.1583,0.1587,0.1583,0.1586,39422.0,1697163299999,6247.7278,40,13193.0,2092.7906,0
1697163300000,0.1587,0.1589,0.1586,0.1588,34371.0,1697164199999,5455.9365,47,20058.0,3184.8413,0
1697164200000,0.1587,0.1587,0.1582,0.1584,82090.0,1697165099999,12999.2315,54,14373.0,2278.2277,0
1697165100000,0.1584,0.1586,0.1582,0.1585,34576.0,1697165999999,5477.4989,57,24709.0,3915.438,0
1697166000000,0.1586,0.1586,0.1582,0.1584,28541.0,1697166899999,4517.9109,41,18506.0,2929.7784,0
1697166900000,0.1582,0.1583,0.158,0.158,25956.0,1697167799999,4106.1075,50,9938.0,1572.7638,0
1697167800000,0.1582,0.1583,0.1573,0.1574,89862.0,1697168699999,14159.8243,119,23757.0,3746.2532,0
1697168700000,0.1574,0.1574,0.1571,0.1571,26075.0,1697169599999,4099.0401,36,12753.0,2004.9285,0
1697169600000,0.1572,0.1574,0.1571,0.1571,31738.0,1697170499999,4989.3508,42,21959.0,3452.6356,0
1697170500000,0.1571,0.1574,0.1571,0.1572,9964.0,1697171399999,1566.9261,19,6583.0,1035.1915,0
1697171400000,0.1571,0.1571,0.1569,0.1571,30111.0,1697172299999,4727.6238,40,6075.0,954.2264,0
1697172300000,0.1572,0.1572,0.1569,0.157,34332.0,1697173199999,5390.1136,38,7660.0,1202.9472,0
1697173200000,0.157,0.1574,0.157,0.1573,29083.0,1697174099999,4573.3009,57,15662.0,2462.72,0
1697174100000,0.1574,0.1576,0.1572,0.1574,33701.0,1697174999999,5304.2133,41,11534.0,1815.9198,0
1697175000000,0.1574,0.1576,0.1571,0.1575,82563.0,1697175899999,12986.921,135,45797.0,7207.2548,0
1697175900000,0.1574,0.1576,0.1574,0.1576,7071.0,1697176799999,1113.4842,8,6854.0,1079.3284,0
1697176800000,0.1575,0.1576,0.1574,0.1575,12091.0,1697177699999,1903.7396,15,2542.0,400.4769,0
1697177700000,0.1576,0.1578,0.1576,0.1577,64304.0,1697178599999,10142.1521,50,51536.0,8128.5532,0
1697178600000,0.1579,0.158,0.1578,0.1579,41175.0,1697179499999,6504.8918,41,10089.0,1593.3403,0
1697179500000,0.1579,0.1582,0.1578,0.158,33354.0,1697180399999,5270.8084,77,27256.0,4307.3404,0
1697180400000,0.158,0.1584,0.1579,0.1583,89153.0,1697181299999,14093.5929,115,26853.0,4247.3165,0
1697181300000,0.1585,0.1587,0.1584,0.1585,51097.0,1697182199999,8098.8813,58,7487.0,1187.2615,0
1697182200000,0.1585,0.1588,0.1585,0.1586,20878.0,1697183099999,3312.008,40,13973.0,2216.8802,0
1697183100000,0.1585,0.1586,0.1584,0.1586,4246.0,1697183999999,672.8169,11,610.0,96.6812,0
1697184000000,0.1586,0.1589,0.1586,0.1587,151132.0,1697184899999,24011.2831,52,31480.0,5000.8399,0
1697184900000,0.1588,0.1589,0.1585,0.1589,58121.0,1697185799999,9225.7341,57,24473.0,3887.7882,0
1697185800000,0.1589,0.1589,0.1587,0.1587,4765.0,1697186699999,756.4894,11,3198.0,507.7849,0
1697186700000,0.1587,0.1587,0.1581,0.1583,34532.0,1697187599999,5471.9288,31,3121.0,494.2326,0
1697187600000,0.1583,0.1584,0.1581,0.1583,11761.0,1697188499999,1861.5425,18,4982.0,787.993,0
1697188500000,0.1584,0.1586,0.1583,0.1586,13484.0,1697189399999,2136.6312,24,9361.0,1483.6641,0
1697189400000,0.1585,0.1586,0.1583,0.1585,13618.0,1697190299999,2157.9204,27,9301.0,1473.8868,0
1697190300000,0.1586,0.1586,0.158,0.1581,16955.0,1697191199999,2683.3818,26,14833.0,2347.9324,0
1697191200000,0.1581,0.1584,0.158,0.1584,16148.0,1697192099999,2554.2354,18,2720.0,430.2129,0
1697192100000,0.1584,0.1585,0.1584,0.1585,20405.0,1697192999999,3232.2911,31,5390.0,853.9151,0
1697193000000,0.1584,0.1589,0.1584,0.1589,23988.0,1697193899999,3806.8911,34,17696.0,2808.3914,0
1697193900000,0.1588,0.1588,0.1585,0.1586,17397.0,1697194799999,2760.2385,31,8573.0,1360.2748,0
1697194800000,0.1587,0.1587,0.1587,0.1587,1831.0,1697195699999,290.5797,7,694.0,110.1378,0
1697195700000,0.1586,0.1591,0.1586,0.159,28149.0,1697196599999,4471.7427,48,23807.0,3782.2991,0
1697196600000,0.1589,0.1595,0.1589,0.1593,35307.0,1697197499999,5623.1959,70,24864.0,3961.4093,0
1697197500000,0.1592,0.1595,0.1592,0.1594,61971.0,1697198399999,9871.1281,75,17028.0,2714.0406,0
1697198400000,0.1594,0.1597,0.1591,0.1596,40052.0,1697199299999,6381.2216,57,21369.0,3405.9889,0
1697199300000,0.1597,0.1602,0.1595,0.1601,78660.0,1697200199999,12574.2488,120,30208.0,4831.5891,0
1697200200000,0.1601,0.1604,0.16,0.1602,41778.0,1697201099999,6691.1556,72,18180.0,2912.3884,0
1697201100000,0.1601,0.1602,0.1599,0.1602,8682.0,1697201999999,1389.3401,16,3077.0,492.8902,0
1697202000000,0.1602,0.1602,0.1598,0.1598,5526.0,1697202899999,883.2679,15,594.0,94.9806,0
1697202900000,0.1599,0.16,0.1597,0.1599,6215.0,1697203799999,993.1285,17,3330.0,532.2293,0
1697203800000,0.1599,0.16,0.1595,0.1595,15141.0,1697204699999,2417.2773,30,4026.0,643.8845,0
1697204700000,0.1594,0.1595,0.1593,0.1595,6007.0,1697205599999,957.8353,18,2751.0,438.625,0
1697205600000,0.1594,0.1595,0.1593,0.1594,3383.0,1697206499999,539.3477,15,2278.0,363.2191,0
1697206500000,0.1593,0.1593,0.1588,0.1589,14730.0,1697207399999,2342.9608,23,5715.0,910.2001,0
1697207400000,0.1589,0.1592,0.1589,0.1591,42713.0,1697208299999,6794.85,37,34571.0,5498.8685,0
1697208300000,0.1591,0.1591,0.1584,0.1587,34516.0,1697209199999,5476.9109,63,9187.0,1457.8695,0
1697209200000,0.1585,0.1589,0.1584,0.1587,7767.0,1697210099999,1232.389,20,2104.0,333.8974,0
1697210100000,0.1589,0.1589,0.1584,0.1586,16111.0,1697210999999,2555.5704,19,6761.0,1072.7169,0
1697211000000,0.1586,0.1588,0.1586,0.1588,26045.0,1697211899999,4134.4492,23,8552.0,1357.3721,0
1697211900000,0.1587,0.159,0.1586,0.1589,17097.0,1697212799999,2713.4623,17,5902.0,937.3852,0
1697212800000,0.1586,0.159,0.1586,0.1589,17593.0,1697213699999,2793.7394,21,5762.0,914.9419,0
1697213700000,0.1587,0.1589,0.1587,0.1588,9244.0,1697214599999,1467.8032,20,1941.0,308.3746,0
1697214600000,0.1587,0.1592,0.1586,0.1592,23221.0,1697215499999,3689.9826,30,16432.0,2610.8492,0
1697215500000,0.1592,0.1593,0.159,0.159,10263.0,1697216399999,1632.9866,23,5550.0,883.5465,0
1697216400000,0.1591,0.1591,0.1586,0.1588,7250.0,1697217299999,1151.6015,24,2116.0,336.2191,0
1697217300000,0.1588,0.1589,0.1585,0.1585,19780.0,1697218199999,3139.9615,31,15806.0,2509.8456,0
1697218200000,0.1585,0.1586,0.1584,0.1586,17059.0,1697219099999,2702.2567,24,977.0,154.8409,0
1697219100000,0.1585,0.1585,0.1584,0.1584,30618.0,1697219999999,4850.1276,131,3018.0,478.2635,0
1697220000000,0.1584,0.1585,0.1583,0.1584,8395.0,1697220899999,1329.2183,23,1484.0,235.1616,0
1697220900000,0.1584,0.1585,0.1584,0.1584,5652.0,1697221799999,895.3829,22,2728.0,432.1972,0
1697221800000,0.1584,0.1584,0.1579,0.1579,33175.0,1697222699999,5249.6572,32,2745.0,434.0596,0
1697222700000,0.158,0.1581,0.158,0.1581,4490.0,1697223599999,709.6226,13,3367.0,532.0763,0
1697223600000,0.1582,0.1582,0.158,0.158,9607.0,1697224499999,1518.8432,15,5951.0,941.1157,0
1697224500000,0.1581,0.1582,0.158,0.1581,6166.0,1697225399999,975.0904,16,1968.0,311.2854,0
1697225400000,0.1583,0.1583,0.158,0.158,8053.0,1697226299999,1273.2558,15,628.0,99.3749,0
1697226300000,0.1579,0.1579,0.1578,0.1579,2678.0,1697227199999,422.8505,4,2621.0,413.8559,0
1697227200000,0.1579,0.1582,0.1579,0.1579,78414.0,1697228099999,12398.3035,50,45760.0,7237.7069,0
1697228100000,0.1579,0.1582,0.1579,0.1581,46636.0,1697228999999,7373.0245,50,32293.0,5105.0138,0
1697229000000,0.1581,0.1582,0.1579,0.1581,11648.0,1697229899999,1841.3491,28,7006.0,1107.8097,0
1697229900000,0.1581,0.1601,0.1581,0.16,190049.0,1697230799999,30285.5208,284,136388.0,21723.5159,0
1697230800000,0.1601,0.1616,0.1599,0.16,258060.0,1697231699999,41530.4682,328,128345.0,20663.6026,0
1697231700000,0.1599,0.1607,0.1597,0.1607,24474.0,1697232599999,3921.1918,69,16456.0,2635.9783,0
1697232600000,0.1606,0.1613,0.1605,0.1609,41778.0,1697233499999,6718.0877,55,16457.0,2648.4406,0
1697233500000,0.1609,0.1612,0.1607,0.1607,35642.0,1697234399999,5736.756,45,22029.0,3545.2957,0
1697234400000,0.1608,0.1611,0.1608,0.1609,7456.0,1697235299999,1199.8661,13,5134.0,826.3969,0
1697235300000,0.1607,0.1607,0.1602,0.1602,5556.0,1697236199999,891.6363,23,1229.0,197.3848,0
1697236200000,0.1601,0.1602,0.1597,0.1601,52727.0,1697237099999,8432.9887,77,26196.0,4191.2232,0
1697237100000,0.1601,0.1601,0.1594,0.1597,22047.0,1697237999999,3520.8401,51,7759.0,1238.4217,0
1697238000000,0.1597,0.1597,0.1594,0.1594,11647.0,1697238899999,1859.1799,17,1162.0,185.5714,0
1697238900000,0.1593,0.1594,0.1593,0.1593,19834.0,1697239799999,3159.8701,14,10853.0,1729.0953,0
1697239800000,0.1593,0.1593,0.1592,0.1592,7999.0,1697240699999,1273.4938,17,477.0,75.9861,0
1697240700000,0.1592,0.1604,0.1592,0.1597,413548.0,1697241599999,66159.8622,384,350961.0,56149.0589,0
1697241600000,0.1598,0.1611,0.1597,0.1611,186617.0,1697242499999,29989.7748,177,148599.0,23889.3297,0
1697242500000,0.1612,0.1614,0.1605,0.1614,83739.0,1697243399999,13470.5906,87,34667.0,5582.9345,0
1697243400000,0.1614,0.1614,0.1608,0.161,37117.0,1697244299999,5984.4604,55,12544.0,2022.7056,0
1697244300000,0.1611,0.1614,0.161,0.1611,57341.0,1697245199999,9243.1395,60,16476.0,2655.2552,0
1697245200000,0.1609,0.1612,0.1605,0.1605,48631.0,1697246099999,7825.907,51,21866.0,3521.2146,0
1697246100000,0.1605,0.1607,0.1604,0.1605,41916.0,1697246999999,6731.6666,38,29232.0,4695.7481,0
1697247000000,0.1605,0.1608,0.1604,0.1607,27124.0,1697247899999,4354.5813,31,10724.0,1720.9329,0
1697247900000,0.1608,0.1612,0.1608,0.1611,9785.0,1697248799999,1575.6122,20,7123.0,1147.214,0
1697248800000,0.1611,0.1611,0.1607,0.1607,7465.0,1697249699999,1200.9439,13,791.0,127.351,0
1697249700000,0.1606,0.1606,0.1605,0.1605,185.0,1697250599999,29.7045,2,0.0,0.0,0
1697250600000,0.1604,0.1606,0.1604,0.1605,7338.0,1697251499999,1177.8924,17,3695.0,593.3249,0
1697251500000,0.1603,0.1603,0.16,0.16,44065.0,1697252399999,7055.0285,45,4017.0,643.8367,0
1697252400000,0.1602,0.1602,0.16,0.1601,20299.0,1697253299999,3249.6082,17,5975.0,956.6477,0
1697253300000,0.1601,0.1602,0.1601,0.1601,57076.0,1697254199999,9137.9409,25,57029.0,9130.4162,0
1697254200000,0.1601,0.1603,0.16,0.1603,30857.0,1697255099999,4941.5998,33,24483.0,3921.2555,0
1697255100000,0.1603,0.1603,0.1601,0.1601,21319.0,1697255999999,3415.2874,23,8360.0,1339.2316,0
1697256000000,0.1602,0.1602,0.1599,0.16,16238.0,1697256899999,2598.4191,22,2053.0,328.6048,0
1697256900000,0.1602,0.1605,0.1601,0.1605,64579.0,1697257799999,10354.0008,58,55433.0,8887.263,0
1697257800000,0.1605,0.1605,0.16,0.1601,39636.0,1697258699999,6351.8,47,10608.0,1701.4142,0
1697258700000,0.1601,0.1601,0.1596,0.1599,18308.0,1697259599999,2925.7099,35,6229.0,995.7371,0
1697259600000,0.1599,0.1602,0.1598,0.1602,22141.0,1697260499999,3542.8485,28,18061.0,2890.7845,0
1697260500000,0.1602,0.1602,0.1602,0.1602,8805.0,1697261399999,1410.561,12,721.0,115.5042,0
1697261400000,0.1602,0.1602,0.1601,0.1601,12854.0,1697262299999,2059.0108,17,0.0,0.0,0
1697262300000,0.1601,0.1601,0.1598,0.1598,8748.0,1697263199999,1398.2946,8,318.0,50.9118,0
1697263200000,0.1599,0.16,0.1599,0.1599,6843.0,1697264099999,1094.2076,8,6843.0,1094.2076,0
1697264100000,0.1598,0.1598,0.1595,0.1596,19354.0,1697264999999,3088.8067,40,5839.0,932.0621,0
1697265000000,0.1598,0.1605,0.1598,0.1604,135966.0,1697265899999,21777.511,144,109957.0,17611.3459,0
1697265900000,0.1604,0.1606,0.1603,0.1606,96252.0,1697266799999,15446.1479,98,71433.0,11462.3205,0
1697266800000,0.1606,0.1606,0.1606,0.1606,9696.0,1697267699999,1557.1776,10,5046.0,810.3876,0
1697267700000,0.1606,0.1609,0.1605,0.1605,117274.0,1697268599999,18846.2556,84,43054.0,6923.6659,0
1697268600000,0.1605,0.1606,0.1602,0.1604,115607.0,1697269499999,18539.6392,100,69545.0,11151.5196,0
1697269500000,0.1605,0.1609,0.1605,0.1605,73855.0,1697270399999,11869.4486,86,57588.0,9255.0121,0
1697270400000,0.1605,0.1608,0.1605,0.1607,28046.0,1697271299999,4505.3297,36,5865.0,942.2285,0
1697271300000,0.1607,0.1607,0.1604,0.1604,99384.0,1697272199999,15949.491,51,871.0,139.9697,0
1697272200000,0.1604,0.1604,0.1595,0.1597,424017.0,1697273099999,67850.8105,290,134633.0,21539.7822,0
1697273100000,0.1597,0.1603,0.1597,0.1602,114888.0,1697273999999,18388.9082,83,83332.0,13335.7465,0
1697274000000,0.1603,0.1603,0.1603,0.1603,12114.0,1697274899999,1941.8742,13,9960.0,1596.588,0
1697274900000,0.1603,0.1606,0.1602,0.1603,85694.0,1697275799999,13741.9985,93,30810.0,4941.7431,0
1697275800000,0.1603,0.1606,0.1603,0.1606,59302.0,1697276699999,9520.4781,53,22355.0,3587.5724,0
1697276700000,0.1606,0.1608,0.1605,0.1607,63027.0,1697277599999,10119.8077,42,25321.0,4067.0172,0
1697277600000,0.1608,0.1608,0.1607,0.1608,30834.0,1697278499999,4956.4375,27,15298.0,2459.8023,0
1697278500000,0.1609,0.1609,0.1608,0.1608,14546.0,1697279399999,2339.8618,18,5284.0,849.9956,0
1697279400000,0.1607,0.1613,0.1607,0.161,25386.0,1697280299999,4093.2229,32,21118.0,3405.5498,0
1697280300000,0.1612,0.1612,0.1609,0.1611,8317.0,1697281199999,1339.5818,13,2189.0,352.6826,0
1697281200000,0.1611,0.1611,0.161,0.161,17725.0,1697282099999,2855.4137,19,0.0,0.0,0
1697282100000,0.161,0.161,0.1607,0.1607,24797.0,1697282999999,3988.7271,24,3329.0,535.6185,0
1697283000000,0.1608,0.1609,0.1608,0.1609,1104.0,1697283899999,177.5641,7,409.0,65.8081,0
1697283900000,0.1607,0.1608,0.1606,0.1608,5672.0,1697284799999,911.637,9,1688.0,271.4304,0
1697284800000,0.161,0.161,0.1606,0.1607,65318.0,1697285699999,10509.4822,62,9810.0,1579.3542,0
1697285700000,0.1606,0.1608,0.1605,0.1607,22607.0,1697286599999,3632.7004,17,19367.0,3112.3347,0
1697286600000,0.1607,0.1607,0.1607,0.1607,11408.0,1697287499999,1833.2656,13,102.0,16.3914,0
1697287500000,0.1607,0.1608,0.1605,0.1606,41134.0,1697288399999,6609.6408,30,37137.0,5967.4579,0
1697288400000,0.1607,0.1609,0.1606,0.1606,34358.0,1697289299999,5524.1307,29,28836.0,4636.6107,0
1697289300000,0.1608,0.1611,0.1608,0.161,11719.0,1697290199999,1885.6213,21,4799.0,772.1413,0
1697290200000,0.1611,0.1613,0.161,0.1613,27522.0,1697291099999,4436.6632,33,20715.0,3339.8608,0
1697291100000,0.1613,0.1616,0.1612,0.1613,59186.0,1697291999999,9554.8625,55,40167.0,6485.8884,0
1697292000000,0.1615,0.1616,0.1615,0.1616,7582.0,1697292899999,1225.0321,14,4811.0,777.3906,0
1697292900000,0.1617,0.1618,0.1611,0.1612,40904.0,1697293799999,6596.627,32,4548.0,735.287,0
1697293800000,0.1611,0.1611,0.161,0.161,1595.0,1697294699999,256.8566,6,979.0,157.619,0
1697294700000,0.161,0.1612,0.161,0.1611,3619.0,1697295599999,583.2624,6,3034.0,489.0774,0
1697295600000,0.161,0.1612,0.1609,0.161,2343.0,1697296499999,377.4591,8,1841.0,296.6569,0
1697296500000,0.1612,0.1613,0.1611,0.1613,7853.0,1697297399999,1265.2619,10,300.0,48.39,0
1697297400000,0.1613,0.1618,0.1612,0.1617,40355.0,1697298299999,6518.096,38,27483.0,4440.6536,0
1697298300000,0.1615,0.1618,0.1615,0.1618,28933.0,1697299199999,4676.6081,26,22517.0,3638.7267,0
1697299200000,0.1618,0.1624,0.1617,0.162,155378.0,1697300099999,25167.0267,153,62615.0,10146.4231,0
1697300100000,0.162,0.1621,0.1614,0.1616,35396.0,1697300999999,5724.3926,47,17705.0,2863.8533,0
1697301000000,0.1615,0.1618,0.1615,0.1617,9459.0,1697301899999,1528.9218,18,9042.0,1461.5453,0
1697301900000,0.1617,0.162,0.1617,0.162,8039.0,1697302799999,1301.6214,12,3070.0,496.8458,0
1697302800000,0.1619,0.1619,0.1614,0.1614,19295.0,1697303699999,3119.7056,28,5765.0,932.0188,0
1697303700000,0.1615,0.1618,0.1615,0.1617,9329.0,1697304599999,1507.5266,18,6762.0,1092.2988,0
1697304600000,0.1617,0.1621,0.1616,0.162,28436.0,1697305499999,4603.4453,43,12416.0,2010.6564,0
1697305500000,0.1618,0.1619,0.1618,0.1619,3310.0,1697306399999,535.8055,5,0.0,0.0,0
1697306400000,0.162,0.1621,0.1618,0.1618,22165.0,1697307299999,3588.2115,31,6911.0,1119.1423,0
1697307300000,0.1617,0.1618,0.1615,0.1615,71671.0,1697308199999,11587.2663,39,30736.0,4969.5661,0
1697308200000,0.1617,0.1621,0.1616,0.1618,45548.0,1697309099999,7368.8169,45,25090.0,4061.7215,0
1697309100000,0.1617,0.1623,0.1617,0.162,60045.0,1697309999999,9727.4031,55,50511.0,8182.3128,0
1697310000000,0.162,0.162,0.1617,0.1617,21425.0,1697310899999,3469.817,25,18588.0,3010.5834,0
1697310900000,0.1617,0.162,0.1616,0.1619,7152.0,1697311799999,1157.2072,13,5879.0,951.3546,0
1697311800000,0.1618,0.162,0.1617,0.162,26281.0,1697312699999,4253.8085,34,9697.0,1570.585,0
1697312700000,0.162,0.1623,0.162,0.1623,6708.0,1697313599999,1087.848,11,5032.0,815.9214,0
1697313600000,0.1623,0.1624,0.1622,0.1623,8340.0,1697314499999,1354.1419,20,6004.0,975.0176,0
1697314500000,0.1622,0.1623,0.1622,0.1623,14347.0,1697315399999,2328.4194,16,4652.0,754.9677,0
1697315400000,0.1623,0.1623,0.1621,0.1622,9999.0,1697316299999,1621.489,10,2330.0,378.159,0
1697316300000,0.1622,0.1624,0.1621,0.1622,26785.0,1697317199999,4345.0959,31,5647.0,916.622,0
1697317200000,0.1623,0.1627,0.1623,0.1625,63342.0,1697318099999,10294.1168,69,11418.0,1855.3666,0
1697318100000,0.1625,0.1628,0.1625,0.1626,16457.0,1697318999999,2676.1739,25,9664.0,1570.9747,0
1697319000000,0.1624,0.1625,0.1623,0.1624,24621.0,1697319899999,3997.6041,32,3956.0,642.2149,0
1697319900000,0.1624,0.1625,0.1622,0.1622,7498.0,1697320799999,1217.2609,14,202.0,32.825,0
1697320800000,0.1623,0.1627,0.1623,0.1623,23713.0,1697321699999,3852.4006,28,2319.0,376.6774,0
1697321700000,0.1624,0.1626,0.1624,0.1624,99543.0,1697322599999,16173.8966,42,92318.0,15000.3747,0
1697322600000,0.1622,0.1623,0.1622,0.1623,14131.0,1697323499999,2292.8964,18,11243.0,1824.1808,0
1697323500000,0.1622,0.1631,0.1622,0.1626,182892.0,1697324399999,29774.8328,130,117244.0,19082.4955,0
1697324400000,0.1626,0.163,0.1625,0.1629,104234.0,1697325299999,16975.6749,48,44383.0,7225.9209,0
1697325300000,0.1629,0.1631,0.1628,0.1628,22142.0,1697326199999,3608.561,24,11203.0,1825.8559,0
1697326200000,0.1627,0.1629,0.1626,0.1629,31980.0,1697327099999,5203.0146,19,5027.0,818.1385,0
1697327100000,0.1629,0.1629,0.1624,0.1625,17222.0,1697327999999,2800.1107,22,5315.0,864.3211,0
1697328000000,0.1625,0.1627,0.1621,0.1621,108618.0,1697328899999,17640.7892,116,51631.0,8387.5232,0
1697328900000,0.1622,0.1625,0.1621,0.1622,12565.0,1697329799999,2038.66,23,1522.0,247.0149,0
1697329800000,0.1621,0.1626,0.1619,0.1626,251766.0,1697330699999,40880.5005,270,219627.0,35660.701,0
1697330700000,0.1626,0.1627,0.1624,0.1625,24914.0,1697331599999,4049.9976,35,5960.0,969.308,0
1697331600000,0.1626,0.1626,0.1623,0.1623,23094.0,1697332499999,3751.3221,16,208.0,33.7584,0
1697332500000,0.1625,0.1628,0.1625,0.1626,34174.0,1697333399999,5557.6647,36,28257.0,4595.5215,0
1697333400000,0.1627,0.1639,0.1627,0.1633,80313.0,1697334299999,13123.1339,116,43213.0,7056.2609,0
1697334300000,0.1633,0.1638,0.1632,0.1636,21289.0,1697335199999,3482.8069,42,9959.0,1629.3852,0
1697335200000,0.1636,0.1638,0.1634,0.1636,31511.0,1697336099999,5152.0453,30,17798.0,2910.4149,0
1697336100000,0.1635,0.1636,0.1634,0.1634,3683.0,1697336999999,602.1609,9,2218.0,362.7312,0
1697337000000,0.1634,0.1643,0.1634,0.1642,78695.0,1697337899999,12909.1387,68,55934.0,9175.6286,0
1697337900000,0.1641,0.1641,0.1635,0.1636,75557.0,1697338799999,12364.8699,66,13917.0,2277.2302,0
1697338800000,0.1636,0.1638,0.1635,0.1635,26653.0,1697339699999,4362.2047,31,12713.0,2082.0605,0
1697339700000,0.1637,0.1639,0.1636,0.1636,18074.0,1697340599999,2958.9698,32,4138.0,677.6175,0
1697340600000,0.1636,0.1636,0.1634,0.1636,13714.0,1697341499999,2242.7838,24,6879.0,1124.9254,0
1697341500000,0.1634,0.1635,0.1632,0.1632,55206.0,1697342399999,9017.5267,50,28584.0,4668.6227,0
1697342400000,0.1635,0.1635,0.1632,0.1632,9984.0,1697343299999,1630.8806,15,4057.0,663.0301,0
1697343300000,0.1633,0.1636,0.1632,0.1635,31911.0,1697344199999,5215.2745,26,4310.0,704.8796,0
1697344200000,0.1635,0.1637,0.1633,0.1635,118883.0,1697345099999,19438.7213,112,45877.0,7501.8909,0
1697345100000,0.1635,0.1638,0.1635,0.1638,46263.0,1697345999999,7569.8016,45,43335.0,7090.7008,0
1697346000000,0.164,0.1641,0.1638,0.1641,114925.0,1697346899999,18849.3305,104,87088.0,14284.5893,0
1697346900000,0.1642,0.1643,0.1641,0.1643,43112.0,1697347799999,7079.2218,43,22684.0,3725.0483,0
1697347800000,0.1642,0.1642,0.1642,0.1642,8829.0,1697348699999,1449.7218,13,1751.0,287.5142,0
1697348700000,0.1643,0.1644,0.1642,0.1642,9815.0,1697349599999,1612.6505,16,7658.0,1258.4711,0
1697349600000,0.1641,0.1645,0.164,0.1645,26799.0,1697350499999,4401.2183,34,19635.0,3225.4767,0
1697350500000,0.1646,0.1648,0.1644,0.1644,40297.0,1697351399999,6633.4425,42,23253.0,3829.0893,0
1697351400000,0.1644,0.1645,0.1644,0.1644,3679.0,1697352299999,604.9276,6,1752.0,288.1288,0
1697352300000,0.1644,0.1645,0.1643,0.1645,5120.0,1697353199999,841.6751,6,804.0,132.258,0
1697353200000,0.1645,0.1645,0.1642,0.1643,25803.0,1697354099999,4239.6837,42,2888.0,474.5084,0
1697354100000,0.1643,0.1644,0.1642,0.1642,11482.0,1697354999999,1886.6233,23,6033.0,991.6806,0
1697355000000,0.1642,0.1644,0.164,0.164,22992.0,1697355899999,3776.9008,26,6069.0,997.3223,0
1697355900000,0.1639,0.1639,0.1638,0.1639,2457.0,1697356799999,402.5813,6,187.0,30.6493,0
1697356800000,0.1641,0.1643,0.164,0.1641,23186.0,1697357699999,3805.6825,48,13934.0,2288.0041,0
1697357700000,0.1642,0.1642,0.1639,0.164,5819.0,1697358599999,954.8906,8,5475.0,898.509,0
1697358600000,0.1641,0.1645,0.164,0.1644,27787.0,1697359499999,4562.6664,37,19582.0,3216.5209,0
1697359500000,0.1642,0.1643,0.1642,0.1642,4657.0,1697360399999,764.8137,11,1437.0,235.9822,0
1697360400000,0.1641,0.1643,0.164,0.1642,35157.0,1697361299999,5771.5732,53,25885.0,4249.6379,0
1697361300000,0.1642,0.1644,0.1641,0.1642,31054.0,1697362199999,5101.1584,39,27800.0,4566.7681,0
1697362200000,0.1643,0.1643,0.1641,0.1642,11186.0,1697363099999,1836.569,19,5569.0,914.5828,0
1697363100000,0.1642,0.1643,0.1641,0.1642,2437.0,1697363999999,400.0983,9,525.0,86.2171,0
1697364000000,0.1642,0.1642,0.1637,0.1639,39164.0,1697364899999,6422.2445,53,18770.0,3078.2195,0
1697364900000,0.1639,0.1639,0.1637,0.1639,10243.0,1697365799999,1677.6195,12,6193.0,1014.6345,0
1697365800000,0.1638,0.1639,0.1636,0.1638,20508.0,1697366699999,3358.4446,29,6809.0,1115.1268,0
1697366700000,0.1637,0.1639,0.1637,0.1637,27866.0,1697367599999,4565.5712,22,19133.0,3135.2489,0
1697367600000,0.1637,0.1637,0.1632,0.1634,35397.0,1697368499999,5787.0466,47,3899.0,636.8512,0
1697368500000,0.1634,0.1634,0.1631,0.1633,31735.0,1697369399999,5180.4016,48,9063.0,1480.6247,0
1697369400000,0.1633,0.1635,0.1633,0.1635,8302.0,1697370299999,1357.1688,17,6887.0,1125.9578,0
1697370300000,0.1634,0.1634,0.1633,0.1633,21534.0,1697371199999,3516.8548,22,6254.0,1021.2964,0
1697371200000,0.1632,0.1633,0.1629,0.1631,110552.0,1697372099999,18025.4992,67,26622.0,4342.609,0
1697372100000,0.163,0.1634,0.163,0.1633,75689.0,1697372999999,12354.4905,95,40334.0,6584.8815,0
1697373000000,0.1632,0.1635,0.1631,0.1633,46435.0,1697373899999,7583.5736,37,28110.0,4591.5037,0
1697373900000,0.1633,0.1635,0.1632,0.1632,27861.0,1697374799999,4550.8414,28,14412.0,2354.421,0
1697374800000,0.1632,0.1632,0.1624,0.1628,166432.0,1697375699999,27091.8289,179,40413.0,6580.1722,0
1697375700000,0.1628,0.1636,0.1628,0.1636,154887.0,1697376599999,25300.3347,100,92302.0,15068.7339,0
1697376600000,0.1634,0.1638,0.1634,0.1637,36277.0,1697377499999,5937.4828,68,21871.0,3580.1619,0
1697377500000,0.1637,0.1637,0.1625,0.1628,112898.0,1697378399999,18409.4988,136,46491.0,7579.6285,0
1697378400000,0.1626,0.1628,0.1623,0.1627,66731.0,1697379299999,10843.1367,72,33004.0,5364.6521,0
1697379300000,0.1628,0.1633,0.1628,0.1633,110248.0,1697380199999,17968.0957,80,82249.0,13401.5136,0
1697380200000,0.1634,0.1635,0.1631,0.1632,39746.0,1697381099999,6491.1753,49,19382.0,3165.0724,0
1697381100000,0.1632,0.1633,0.1629,0.1629,1586.0,1697381999999,258.6616,10,741.0,120.9368,0
1697382000000,0.1629,0.163,0.1625,0.1629,12605.0,1697382899999,2051.7211,28,7810.0,1271.135,0
1697382900000,0.163,0.1633,0.163,0.1633,16644.0,1697383799999,2716.3509,15,16229.0,2648.6453,0
1697383800000,0.1632,0.1633,0.163,0.1631,88160.0,1697384699999,14376.1484,52,2613.0,426.1621,0
1697384700000,0.1632,0.1632,0.1629,0.1629,8058.0,1697385599999,1313.5459,15,4789.0,781.0087,0
1697385600000,0.1629,0.1632,0.1627,0.163,35792.0,1697386499999,5833.456,51,6322.0,1030.8603,0
1697386500000,0.163,0.1632,0.1628,0.1631,32058.0,1697387399999,5225.2761,47,24151.0,3936.8706,0
1697387400000,0.1632,0.1636,0.1632,0.1635,12458.0,1697388299999,2034.1758,23,8635.0,1410.0744,0
1697388300000,0.1635,0.1635,0.1629,0.1632,246821.0,1697389199999,40273.2112,122,43309.0,7065.3394,0
1697389200000,0.1632,0.1633,0.163,0.1632,114337.0,1697390099999,18648.0944,71,30372.0,4955.3985,0
1697390100000,0.1631,0.1633,0.163,0.163,298839.0,1697390999999,48724.9998,142,62121.0,10134.3909,0
1697391000000,0.163,0.1631,0.1627,0.1627,48773.0,1697391899999,7947.4491,128,22425.0,3655.2285,0
1697391900000,0.1628,0.1631,0.1627,0.163,8181.0,1697392799999,1332.0946,27,5493.0,894.4633,0
1697392800000,0.163,0.1632,0.163,0.163,75149.0,1697393699999,12255.811,52,37655.0,6142.7678,0
1697393700000,0.163,0.163,0.1629,0.1629,9849.0,1697394599999,1604.5193,13,429.0,69.927,0
1697394600000,0.1629,0.1631,0.1628,0.1629,9882.0,1697395499999,1610.3562,21,5717.0,932.2007,0
1697395500000,0.1629,0.1631,0.1629,0.163,5166.0,1697396399999,841.8033,16,1692.0,275.8298,0
1697396400000,0.1631,0.1633,0.1629,0.1631,61767.0,1697397299999,10080.7002,73,34012.0,5551.2726,0
1697397300000,0.1632,0.1632,0.1628,0.1628,24336.0,1697398199999,3968.1256,21,1565.0,255.3534,0
1697398200000,0.1628,0.1629,0.1626,0.1628,13367.0,1697399099999,2176.2263,37,4422.0,719.9203,0
1697399100000,0.1628,0.1629,0.1626,0.1628,8782.0,1697399999999,1428.9914,27,3130.0,509.5367,0
1697400000000,0.1629,0.1629,0.1628,0.1628,1013.0,1697400899999,164.9444,6,0.0,0.0,0
1697400900000,0.1629,0.1629,0.1626,0.1628,31965.0,1697401799999,5199.585,27,1896.0,308.6814,0
1697401800000,0.1628,0.164,0.1628,0.1636,98220.0,1697402699999,16050.275,104,80982.0,13234.5301,0
1697402700000,0.1636,0.1636,0.1632,0.1633,33306.0,1697403599999,5441.2183,56,10855.0,1774.1853,0
1697403600000,0.1633,0.1636,0.1628,0.1631,53690.0,1697404499999,8761.7766,70,16629.0,2714.1237,0
1697404500000,0.163,0.1635,0.1629,0.1634,37275.0,1697405399999,6084.0956,48,27674.0,4517.752,0
1697405400000,0.1633,0.1633,0.1626,0.1628,74222.0,1697406299999,12084.4139,67,11962.0,1949.3973,0
1697406300000,0.1629,0.1632,0.1626,0.1632,75781.0,1697407199999,12347.3864,63,52566.0,8567.2006,0
1697407200000,0.1632,0.1637,0.1632,0.1636,20936.0,1697408099999,3422.6888,45,15714.0,2568.9566,0
1697408100000,0.1636,0.1637,0.1634,0.1635,2943.0,1697408999999,481.3495,7,1407.0,230.198,0
1697409000000,0.1634,0.1637,0.1634,0.1634,122672.0,1697409899999,20060.8359,74,74144.0,12127.7128,0
1697409900000,0.1633,0.1633,0.1629,0.1632,66150.0,1697410799999,10779.9926,71,50525.0,8234.1318,0
1697410800000,0.1629,0.163,0.1629,0.163,7434.0,1697411699999,1211.4987,19,2709.0,441.567,0
1697411700000,0.163,0.1638,0.163,0.1636,85658.0,1697412599999,14004.9386,113,58901.0,9629.9974,0
1697412600000,0.1635,0.1636,0.1634,0.1636,6390.0,1697413499999,1045.1877,11,3182.0,520.5752,0
1697413500000,0.1636,0.1638,0.1634,0.1637,49919.0,1697414399999,8163.4037,70,20200.0,3306.4238,0
1697414400000,0.1637,0.1642,0.1637,0.1639,77026.0,1697415299999,12621.9159,84,20068.0,3289.8418,0
1697415300000,0.164,0.1641,0.1636,0.1639,23575.0,1697416199999,3863.1065,38,10888.0,1784.9957,0
1697416200000,0.1639,0.1644,0.1639,0.1641,38190.0,1697417099999,6273.3937,39,30353.0,4986.5684,0
1697417100000,0.1637,0.1641,0.1637,0.1639,15724.0,1697417999999,2575.5664,21,7545.0,1236.1922,0
1697418000000,0.1638,0.1643,0.1637,0.1643,18678.0,1697418899999,3062.9517,30,9496.0,1558.4831,0
1697418900000,0.1643,0.1649,0.1643,0.1649,13245.0,1697419799999,2179.0421,32,8751.0,1439.6666,0
1697419800000,0.1649,0.1651,0.1646,0.1646,11416.0,1697420699999,1882.826,30,6825.0,1126.3825,0
1697420700000,0.1646,0.165,0.1645,0.1646,49497.0,1697421599999,8152.0333,47,9448.0,1555.1507,0
1697421600000,0.1646,0.1648,0.1644,0.1648,10687.0,1697422499999,1759.3329,19,3301.0,543.7038,0
1697422500000,0.1649,0.165,0.1649,0.1649,20079.0,1697423399999,3311.5565,27,15010.0,2475.4011,0
1697423400000,0.165,0.165,0.164,0.164,488130.0,1697424299999,80132.4979,255,119730.0,19648.4395,0
1697424300000,0.1641,0.1641,0.1629,0.163,761851.0,1697425199999,124441.7818,368,252647.0,41234.0711,0
1697425200000,0.163,0.1632,0.1629,0.1631,280500.0,1697426099999,45709.9155,181,201879.0,32898.4047,0
1697426100000,0.163,0.1637,0.163,0.1635,117544.0,1697426999999,19212.9832,107,97191.0,15885.337,0
1697427000000,0.1635,0.1639,0.1634,0.1639,93274.0,1697427899999,15257.4073,85,67344.0,11019.9798,0
1697427900000,0.164,0.1641,0.1639,0.1641,5967.0,1697428799999,978.8892,14,1992.0,326.8054,0
1697428800000,0.1642,0.1642,0.1641,0.1641,8828.0,1697429699999,1449.3686,12,219.0,35.9598,0
1697429700000,0.1639,0.1639,0.1637,0.1639,17470.0,1697430599999,2862.0247,17,8110.0,1328.6121,0
1697430600000,0.1639,0.1639,0.1638,0.1638,6484.0,1697431499999,1062.6733,14,4826.0,790.9814,0
1697431500000,0.1639,0.1642,0.1639,0.1642,7148.0,1697432399999,1172.286,14,5120.0,839.694,0
1697432400000,0.1642,0.1647,0.1642,0.1646,34371.0,1697433299999,5652.7105,78,16458.0,2706.6551,0
1697433300000,0.1647,0.1669,0.1647,0.1667,319367.0,1697434199999,52980.8449,530,219044.0,36318.3789,0
1697434200000,0.1667,0.167,0.1661,0.1662,78376.0,1697435099999,13052.7029,153,16441.0,2740.0279,0
1697435100000,0.1662,0.1664,0.1658,0.1663,43585.0,1697435999999,7240.4365,71,16185.0,2691.0062,0
1697436000000,0.1664,0.1667,0.1663,0.1665,33921.0,1697436899999,5649.4799,52,17169.0,2859.4091,0
1697436900000,0.1665,0.1665,0.1658,0.1659,32067.0,1697437799999,5327.0407,47,17371.0,2886.0569,0
1697437800000,0.1659,0.1666,0.1659,0.1665,9526.0,1697438699999,1585.1516,25,8108.0,1349.2043,0
1697438700000,0.1665,0.1665,0.166,0.1661,115028.0,1697439599999,19122.3076,59,4358.0,724.2648,0
1697439600000,0.1662,0.1664,0.166,0.1661,21859.0,1697440499999,3633.0739,46,13419.0,2229.9801,0
1697440500000,0.166,0.166,0.1659,0.1659,22912.0,1697441399999,3802.2591,25,15086.0,2503.1803,0
1697441400000,0.1659,0.1661,0.1659,0.166,22873.0,1697442299999,3796.4638,26,14531.0,2411.6918,0
1697442300000,0.1659,0.166,0.1653,0.1655,15572.0,1697443199999,2579.7174,36,3020.0,499.8805,0
1697443200000,0.1656,0.1662,0.1655,0.1661,28234.0,1697444099999,4684.43,61,18470.0,3066.2239,0
1697444100000,0.1661,0.1663,0.1659,0.1661,50913.0,1697444999999,8460.3644,47,37066.0,6161.5274,0
1697445000000,0.1663,0.1663,0.1659,0.1661,17492.0,1697445899999,2905.4562,29,3990.0,662.8296,0
1697445900000,0.166,0.1663,0.166,0.166,69401.0,1697446799999,11531.4129,57,51639.0,8580.0285,0
1697446800000,0.1661,0.1661,0.1651,0.1653,26483.0,1697447699999,4382.4656,55,6456.0,1067.7547,0
1697447700000,0.1655,0.1656,0.165,0.1653,62448.0,1697448599999,10320.2716,105,25476.0,4212.3147,0
1697448600000,0.1654,0.1657,0.1653,0.1655,42654.0,1697449499999,7059.4115,74,15618.0,2585.9526,0
1697449500000,0.1656,0.1658,0.1654,0.1656,22742.0,1697450399999,3766.2574,51,12285.0,2034.7788,0
1697450400000,0.1656,0.1656,0.1651,0.1654,114403.0,1697451299999,18927.9534,91,23192.0,3837.4694,0
1697451300000,0.1652,0.1652,0.1648,0.1648,60951.0,1697452199999,10058.1453,50,7697.0,1270.6557,0
1697452200000,0.1648,0.1653,0.1648,0.1651,29191.0,1697453099999,4818.5886,56,15774.0,2605.3513,0
1697453100000,0.1652,0.1652,0.1649,0.1649,22090.0,1697453999999,3646.0405,48,8514.0,1405.9854,0
1697454000000,0.1649,0.1652,0.1646,0.1647,37263.0,1697454899999,6143.1361,83,13835.0,2281.9341,0
1697454900000,0.1647,0.1648,0.1644,0.1646,72357.0,1697455799999,11913.6239,98,24097.0,3968.9718,0
1697455800000,0.1646,0.1646,0.1643,0.1644,26550.0,1697456699999,4367.2613,64,14197.0,2335.9028,0
1697456700000,0.1647,0.1647,0.1645,0.1646,68987.0,1697457599999,11358.1173,70,47567.0,7832.4625,0
1697457600000,0.1646,0.1646,0.1643,0.1646,158553.0,1697458499999,26087.4549,157,113298.0,18643.4776,0
1697458500000,0.1645,0.1647,0.1643,0.1646,36058.0,1697459399999,5933.7191,67,13463.0,2214.722,0
1697459400000,0.1647,0.165,0.1646,0.165,128213.0,1697460299999,21128.3716,134,96259.0,15865.6963,0
1697460300000,0.165,0.1651,0.1645,0.1648,160518.0,1697461199999,26448.7073,135,27079.0,4463.9493,0
1697461200000,0.165,0.1651,0.1647,0.1648,120265.0,1697462099999,19847.6732,93,111540.0,18409.2837,0
1697462100000,0.1648,0.1683,0.1648,0.1682,1175310.0,1697462999999,194889.8957,703,1030641.0,170811.8851,0
1697463000000,0.168,0.1695,0.1639,0.1646,873145.0,1697463899999,145379.8722,1486,450394.0,74984.7749,0
1697463900000,0.1646,0.1654,0.1621,0.1638,555025.0,1697464799999,90998.5641,763,235427.0,38607.3635,0
1697464800000,0.1637,0.1644,0.1633,0.1634,181442.0,1697465699999,29661.3035,165,87517.0,14308.5671,0
1697465700000,0.1636,0.1644,0.1636,0.1643,48463.0,1697466599999,7957.5596,79,37033.0,6081.9945,0
1697466600000,0.1644,0.1647,0.164,0.1642,39635.0,1697467499999,6514.9049,78,33758.0,5549.3064,0
1697467500000,0.1641,0.1644,0.1638,0.1642,43434.0,1697468399999,7131.2556,63,16949.0,2782.0236,0
1697468400000,0.1642,0.1643,0.1638,0.164,61609.0,1697469299999,10107.0153,70,41765.0,6851.6395,0
1697469300000,0.1641,0.1641,0.1633,0.1635,69573.0,1697470199999,11385.6007,83,47380.0,7757.8441,0
1697470200000,0.1635,0.164,0.1631,0.1632,79343.0,1697471099999,12979.1256,123,20868.0,3417.7072,0
1697471100000,0.1631,0.1635,0.163,0.1631,19697.0,1697471999999,3214.4747,53,3101.0,506.3709,0
1697472000000,0.1631,0.1635,0.1631,0.1635,15430.0,1697472899999,2521.7691,29,14584.0,2383.5905,0
1697472900000,0.1635,0.1637,0.1633,0.1636,65120.0,1697473799999,10651.0254,41,55458.0,9071.7762,0
1697473800000,0.1636,0.1637,0.1633,0.1635,30034.0,1697474699999,4909.0248,48,8520.0,1393.461,0
1697474700000,0.1637,0.1639,0.1636,0.1638,42605.0,1697475599999,6978.039,31,42043.0,6885.9868,0
1697475600000,0.1638,0.1642,0.1638,0.1641,25703.0,1697476499999,4213.45,36,18498.0,3032.4997,0
1697476500000,0.1642,0.1642,0.1637,0.1637,19501.0,1697477399999,3195.6407,18,238.0,39.032,0
1697477400000,0.1636,0.1637,0.1635,0.1637,9201.0,1697478299999,1504.8597,19,2611.0,427.2693,0
1697478300000,0.1637,0.1639,0.1636,0.1639,35141.0,1697479199999,5752.9071,25,32001.0,5238.9409,0
1697479200000,0.1639,0.1645,0.1639,0.1645,48641.0,1697480099999,7995.555,38,38729.0,6366.8528,0
1697480100000,0.1644,0.1646,0.1643,0.1645,35404.0,1697480999999,5821.6593,47,11864.0,1951.6021,0
1697481000000,0.1645,0.1645,0.1641,0.1644,78692.0,1697481899999,12935.3219,75,42465.0,6983.768,0
1697481900000,0.1644,0.165,0.1644,0.165,12039.0,1697482799999,1982.0568,31,6245.0,1028.7992,0
1697482800000,0.1649,0.1659,0.1649,0.1659,62036.0,1697483699999,10267.1445,128,41287.0,6832.5411,0
1697483700000,0.1658,0.1659,0.1654,0.1655,61154.0,1697484599999,10130.3936,87,22337.0,3704.0185,0
1697484600000,0.1656,0.1656,0.1651,0.1651,26080.0,1697485499999,4312.9316,35,12408.0,2052.4258,0
1697485500000,0.1652,0.1654,0.1651,0.1651,4927.0,1697486399999,813.7637,17,643.0,106.2858,0
1697486400000,0.1651,0.1657,0.1651,0.1657,25838.0,1697487299999,4272.8682,48,20395.0,3373.8477,0
1697487300000,0.1656,0.166,0.1655,0.1659,27295.0,1697488199999,4521.7666,44,15850.0,2626.2386,0
1697488200000,0.1657,0.1658,0.1653,0.1653,31662.0,1697489099999,5239.8762,42,5003.0,828.1777,0
1697489100000,0.1654,0.1654,0.165,0.165,4614.0,1697489999999,762.1164,18,672.0,111.121,0
1697490000000,0.1651,0.1652,0.1645,0.1646,49917.0,1697490899999,8226.1041,45,13757.0,2268.7285,0
1697490900000,0.1646,0.165,0.1646,0.165,21090.0,1697491799999,3473.7532,18,795.0,131.024,0
1697491800000,0.1651,0.1653,0.165,0.1653,26699.0,1697492699999,4413.103,24,18175.0,3004.1477,0
1697492700000,0.1652,0.1653,0.1651,0.1653,9323.0,1697493599999,1540.2631,18,5180.0,855.8847,0
1697493600000,0.1653,0.1657,0.1653,0.1657,25624.0,1697494499999,4243.1687,35,19857.0,3289.2452,0
1697494500000,0.1658,0.1658,0.1652,0.1656,66066.0,1697495399999,10927.6754,68,7102.0,1176.9996,0
1697495400000,0.1655,0.1657,0.1654,0.1657,10017.0,1697496299999,1658.1819,15,5456.0,903.4374,0
1697496300000,0.1658,0.1659,0.1656,0.1657,39327.0,1697497199999,6521.3604,40,12451.0,2064.6004,0
1697497200000,0.1658,0.1658,0.1657,0.1658,24907.0,1697498099999,4127.9658,30,22423.0,3716.29,0
1697498100000,0.1658,0.1658,0.1655,0.1656,31764.0,1697498999999,5259.9809,35,28007.0,4637.9169,0
1697499000000,0.1656,0.1657,0.1653,0.1657,148952.0,1697499899999,24657.0719,86,85764.0,14196.3883,0
1697499900000,0.1658,0.1658,0.1654,0.1654,38790.0,1697500799999,6421.7625,37,14104.0,2333.8715,0
1697500800000,0.1655,0.1669,0.1655,0.1658,472891.0,1697501699999,78607.8028,539,275474.0,45792.8776,0
1697501700000,0.1659,0.1671,0.1658,0.1668,294500.0,1697502599999,49067.4706,244,186075.0,30993.1192,0
1697502600000,0.1668,0.1669,0.166,0.1663,206058.0,1697503499999,34282.5557,210,114184.0,19005.2701,0
1697503500000,0.1663,0.1665,0.1657,0.1657,98135.0,1697504399999,16305.6839,98,69400.0,11533.4459,0
1697504400000,0.1656,0.1662,0.1656,0.1662,40438.0,1697505299999,6713.5372,41,33416.0,5547.7722,0
1697505300000,0.1662,0.1662,0.1661,0.1661,2070.0,1697506199999,343.9822,7,518.0,86.0398,0
1697506200000,0.1662,0.1666,0.1661,0.1665,18930.0,1697507099999,3147.9074,33,2467.0,410.4185,0
1697507100000,0.1664,0.1665,0.1664,0.1665,3090.0,1697507999999,514.476,7,1187.0,197.6355,0
1697508000000,0.1665,0.1665,0.166,0.1665,67945.0,1697508899999,11297.8234,57,25041.0,4167.2139,0
1697508900000,0.1665,0.1665,0.166,0.1663,47567.0,1697509799999,7910.789,65,12496.0,2078.1544,0
1697509800000,0.1663,0.1667,0.1663,0.1664,42810.0,1697510699999,7131.5622,49,15187.0,2529.3324,0
1697510700000,0.1665,0.1668,0.1665,0.1667,16296.0,1697511599999,2714.9975,16,4109.0,685.0512,0
1697511600000,0.1667,0.1667,0.1665,0.1666,6165.0,1697512499999,1027.0589,8,0.0,0.0,0
1697512500000,0.1664,0.1665,0.1661,0.1662,18748.0,1697513399999,3117.0397,26,9388.0,1561.0443,0
1697513400000,0.1661,0.1662,0.1661,0.1661,11855.0,1697514299999,1969.4838,14,6399.0,1063.2422,0
1697514300000,0.1661,0.1661,0.1658,0.1658,12476.0,1697515199999,2070.7936,19,140.0,23.212,0
1697515200000,0.1658,0.1658,0.1653,0.1657,34691.0,1697516099999,5741.3872,39,5880.0,973.1759,0
1697516100000,0.1657,0.1662,0.1657,0.1662,28537.0,1697516999999,4738.6217,43,20962.0,3479.8768,0
1697517000000,0.1662,0.1665,0.1662,0.1665,13294.0,1697517899999,2211.8711,21,4719.0,785.3786,0
1697517900000,0.1666,0.1666,0.1663,0.1664,19770.0,1697518799999,3289.9108,26,4164.0,692.8804,0
1697518800000,0.1664,0.1665,0.1662,0.1662,11732.0,1697519699999,1951.4368,20,202.0,33.633,0
1697519700000,0.1661,0.1662,0.1657,0.1658,45647.0,1697520599999,7574.5786,33,8839.0,1465.4072,0
1697520600000,0.1657,0.166,0.1656,0.1656,39804.0,1697521499999,6598.3361,45,24084.0,3992.1264,0
1697521500000,0.1655,0.1658,0.1654,0.1658,15338.0,1697522399999,2540.3557,22,14002.0,2319.2818,0
1697522400000,0.1658,0.1659,0.1656,0.1656,8728.0,1697523299999,1445.7616,11,6160.0,1020.1233,0
1697523300000,0.1656,0.1656,0.165,0.1651,29470.0,1697524199999,4871.7992,38,499.0,82.4276,0
1697524200000,0.1651,0.1656,0.1651,0.1656,27832.0,1697525099999,4603.7004,30,14371.0,2375.8922,0
1697525100000,0.1656,0.1657,0.1653,0.1657,87609.0,1697525999999,14506.9732,98,57640.0,9544.4269,0
1697526000000,0.1658,0.1664,0.1656,0.1664,91152.0,1697526899999,15129.378,77,39398.0,6541.5464,0
1697526900000,0.1664,0.1665,0.1661,0.1661,50217.0,1697527799999,8355.8846,72,18124.0,3017.3679,0
1697527800000,0.1661,0.1663,0.166,0.1663,17517.0,1697528699999,2910.7249,23,12812.0,2129.3464,0
1697528700000,0.1663,0.1664,0.166,0.1662,29881.0,1697529599999,4968.3543,47,13995.0,2327.2739,0
1697529600000,0.1662,0.1663,0.1661,0.1663,20321.0,1697530499999,3377.6448,30,7570.0,1258.5365,0
1697530500000,0.1663,0.1663,0.1659,0.166,4153.0,1697531399999,689.2138,14,808.0,134.1917,0
1697531400000,0.1658,0.1661,0.1657,0.1659,41417.0,1697532299999,6867.9284,33,7613.0,1263.3265,0
1697532300000,0.166,0.1663,0.166,0.1663,22460.0,1697533199999,3730.7495,25,19781.0,3285.7942,0
1697533200000,0.1662,0.1664,0.1662,0.1663,39202.0,1697534099999,6519.3976,40,17780.0,2956.9681,0
1697534100000,0.1663,0.1665,0.1662,0.1664,12906.0,1697534999999,2146.1356,12,8557.0,1423.3158,0
1697535000000,0.1664,0.1666,0.1664,0.1664,14242.0,1697535899999,2371.2671,18,7940.0,1322.6143,0
1697535900000,0.1664,0.1669,0.1664,0.1667,30288.0,1697536799999,5049.8041,47,29983.0,4998.9606,0
1697536800000,0.1667,0.1672,0.1666,0.1669,38821.0,1697537699999,6477.4497,62,17015.0,2840.5511,0
1697537700000,0.1671,0.1677,0.1671,0.1674,65475.0,1697538599999,10961.7776,68,37989.0,6360.6608,0
1697538600000,0.1674,0.1674,0.167,0.1671,16938.0,1697539499999,2831.0315,31,6428.0,1074.1743,0
1697539500000,0.1672,0.1672,0.1667,0.1669,40949.0,1697540399999,6836.9895,55,19650.0,3278.6258,0
1697540400000,0.167,0.1672,0.1667,0.1669,39767.0,1697541299999,6639.0909,55,6393.0,1067.046,0
1697541300000,0.1669,0.1672,0.1668,0.1671,72750.0,1697542199999,12145.8403,72,28980.0,4841.1556,0
1697542200000,0.167,0.1672,0.1669,0.167,13357.0,1697543099999,2231.5553,23,10326.0,1725.4669,0
1697543100000,0.1669,0.1675,0.1667,0.1667,97250.0,1697543999999,16244.9527,93,16739.0,2797.1645,0
1697544000000,0.1668,0.1669,0.1662,0.1663,62500.0,1697544899999,10409.5103,64,26334.0,4386.3102,0
1697544900000,0.1662,0.1665,0.1661,0.1662,27182.0,1697545799999,4519.1422,39,21406.0,3559.6349,0
1697545800000,0.1662,0.1662,0.1656,0.1658,104262.0,1697546699999,17297.6608,51,71353.0,11838.738,0
1697546700000,0.1658,0.1659,0.1648,0.165,156951.0,1697547599999,25975.3323,148,33405.0,5530.7995,0
1697547600000,0.1651,0.1656,0.1647,0.1656,66171.0,1697548499999,10934.4157,78,41140.0,6798.377,0
1697548500000,0.1656,0.1657,0.1652,0.1653,19583.0,1697549399999,3241.8063,29,7801.0,1292.3416,0
1697549400000,0.1652,0.1654,0.1649,0.165,103903.0,1697550299999,17157.251,87,25879.0,4274.0866,0
1697550300000,0.1649,0.1649,0.161,0.1633,843109.0,1697551199999,137477.1077,1099,402136.0,65610.3673,0
1697551200000,0.1632,0.1644,0.1632,0.1642,152502.0,1697552099999,25003.7755,150,132917.0,21793.4558,0
1697552100000,0.1644,0.1648,0.164,0.1644,181597.0,1697552999999,29864.3887,156,135801.0,22333.4424,0
1697553000000,0.1645,0.1649,0.1642,0.1644,83339.0,1697553899999,13719.9385,76,47805.0,7874.252,0
1697553900000,0.1645,0.1647,0.1643,0.1645,14615.0,1697554799999,2403.9088,26,2268.0,373.1202,0
1697554800000,0.1645,0.1655,0.1645,0.1655,138194.0,1697555699999,22813.433,140,108171.0,17861.4644,0
1697555700000,0.1654,0.1659,0.1652,0.1658,105131.0,1697556599999,17407.0883,74,58594.0,9709.0783,0
1697556600000,0.1657,0.166,0.1656,0.1658,39994.0,1697557499999,6630.1211,65,23981.0,3976.6203,0
1697557500000,0.1657,0.1659,0.1655,0.1655,45329.0,1697558399999,7514.046,24,9746.0,1615.931,0
1697558400000,0.1654,0.1655,0.1652,0.1654,30716.0,1697559299999,5081.1776,49,14245.0,2357.4291,0
1697559300000,0.1657,0.1658,0.1653,0.1653,28291.0,1697560199999,4688.9536,35,24336.0,4034.2185,0
1697560200000,0.1656,0.1657,0.1656,0.1656,13280.0,1697561099999,2199.608,19,4728.0,783.1627,0
1697561100000,0.1656,0.1657,0.1655,0.1657,16900.0,1697561999999,2798.5266,18,11457.0,1897.1179,0
1697562000000,0.1657,0.1657,0.1654,0.1654,47856.0,1697562899999,7921.2949,51,20281.0,3357.7248,0
1697562900000,0.1654,0.1654,0.165,0.165,100214.0,1697563799999,16553.0917,108,11329.0,1871.9081,0
1697563800000,0.1649,0.165,0.1647,0.1647,67328.0,1697564699999,11100.3621,80,12375.0,2041.1138,0
1697564700000,0.1647,0.165,0.1645,0.1649,60164.0,1697565599999,9904.8454,52,26860.0,4422.2029,0
1697565600000,0.1649,0.1651,0.1647,0.165,26660.0,1697566499999,4395.5885,52,13861.0,2285.069,0
1697566500000,0.1651,0.1651,0.1648,0.1649,13640.0,1697567399999,2250.6381,26,2351.0,387.993,0
1697567400000,0.1648,0.1697,0.1648,0.1656,455687.0,1697568299999,75663.4406,497,227626.0,37804.1974,0
1697568300000,0.1657,0.1658,0.1644,0.1649,122278.0,1697569199999,20195.7513,130,24557.0,4053.1887,0
1697569200000,0.1649,0.1653,0.1643,0.1644,156793.0,1697570099999,25812.5922,135,52396.0,8631.9102,0
1697570100000,0.1646,0.1648,0.1646,0.1648,19453.0,1697570999999,3203.6931,27,14653.0,2413.3025,0
1697571000000,0.1649,0.1651,0.1648,0.1651,21603.0,1697571899999,3561.8872,21,16317.0,2690.7544,0
1697571900000,0.1651,0.1655,0.165,0.1653,52764.0,1697572799999,8723.1964,42,45129.0,7461.062,0
1697572800000,0.1653,0.1655,0.1649,0.1649,41979.0,1697573699999,6941.4714,56,27954.0,4626.3336,0
1697573700000,0.1649,0.1651,0.1649,0.1651,29178.0,1697574599999,4815.1534,45,7026.0,1159.5174,0
1697574600000,0.1651,0.1653,0.1649,0.1653,9800.0,1697575499999,1618.2563,17,5757.0,951.0293,0
1697575500000,0.1653,0.1655,0.1652,0.1655,63917.0,1697576399999,10574.0799,90,48139.0,7965.3372,0
1697576400000,0.1654,0.166,0.1653,0.1659,20342.0,1697577299999,3371.6966,22,14721.0,2441.3673,0
1697577300000,0.1661,0.1662,0.166,0.1661,19380.0,1697578199999,3218.9681,21,8620.0,1432.0515,0
1697578200000,0.1661,0.1663,0.166,0.166,17128.0,1697579099999,2844.9283,23,3919.0,651.4644,0
1697579100000,0.166,0.1661,0.1655,0.1657,9583.0,1697579999999,1589.6837,14,2074.0,344.0415,0
1697580000000,0.1656,0.1657,0.1653,0.1656,54098.0,1697580899999,8955.9319,83,39572.0,6552.6586,0
1697580900000,0.1655,0.1658,0.1654,0.1656,11698.0,1697581799999,1937.6917,17,7248.0,1201.0306,0
1697581800000,0.1657,0.1659,0.1654,0.1655,37552.0,1697582699999,6223.2286,41,26346.0,4368.0195,0
1697582700000,0.1654,0.1656,0.1653,0.1656,113864.0,1697583599999,18850.6315,112,84865.0,14053.2386,0
1697583600000,0.1658,0.166,0.1657,0.1659,41997.0,1697584499999,6963.9241,44,23027.0,3819.3121,0
1697584500000,0.166,0.166,0.1658,0.1658,17319.0,1697585399999,2874.4967,20,14182.0,2354.1207,0
1697585400000,0.1657,0.1666,0.1656,0.1664,276401.0,1697586299999,45951.7943,241,236089.0,39245.8561,0
1697586300000,0.1664,0.1671,0.1664,0.1669,267308.0,1697587199999,44551.8595,286,211585.0,35272.7727,0
1697587200000,0.1671,0.1674,0.1663,0.1664,226910.0,1697588099999,37881.1679,279,145206.0,24257.8894,0
1697588100000,0.1663,0.1679,0.1663,0.1679,359569.0,1697588999999,60119.6725,453,264661.0,44243.7717,0
1697589000000,0.168,0.168,0.1668,0.1672,569758.0,1697589899999,95359.3919,605,440322.0,73706.3499,0
1697589900000,0.1672,0.1676,0.1669,0.1675,127638.0,1697590799999,21338.7455,192,64210.0,10738.8152,0
1697590800000,0.1675,0.1686,0.1671,0.1685,291745.0,1697591699999,48976.3462,430,153535.0,25792.0558,0
1697591700000,0.1685,0.1688,0.1675,0.1675,236839.0,1697592599999,39811.6757,398,138954.0,23356.2462,0
1697592600000,0.1676,0.1687,0.1676,0.1681,413471.0,1697593499999,69548.7734,625,219092.0,36848.2524,0
1697593500000,0.1682,0.1686,0.1681,0.1684,246840.0,1697594399999,41574.0383,479,109325.0,18418.8364,0
1697594400000,0.1685,0.1688,0.1664,0.1666,243758.0,1697595299999,40837.0193,373,68875.0,11561.4723,0
1697595300000,0.1667,0.167,0.1662,0.167,132479.0,1697596199999,22062.3938,204,22745.0,3790.2082,0
1697596200000,0.1669,0.1671,0.1664,0.1666,143988.0,1697597099999,23995.4064,163,23670.0,3943.8631,0
1697597100000,0.1666,0.1672,0.1663,0.1671,136948.0,1697597999999,22840.1531,176,44623.0,7444.5743,0
1697598000000,0.167,0.1673,0.1666,0.1668,120380.0,1697598899999,20100.8816,136,76173.0,12721.1781,0
1697598900000,0.1669,0.1673,0.1667,0.1672,67184.0,1697599799999,11220.6581,77,45766.0,7645.6783,0
1697599800000,0.1673,0.1679,0.1669,0.1676,114670.0,1697600699999,19213.1456,133,81255.0,13616.7111,0
1697600700000,0.1678,0.168,0.1675,0.1678,37397.0,1697601599999,6272.2917,57,7523.0,1262.9024,0
1697601600000,0.1679,0.1681,0.1675,0.168,74887.0,1697602499999,12564.5497,112,40256.0,6755.0516,0
1697602500000,0.168,0.1682,0.1679,0.1682,10526.0,1697603399999,1768.8583,33,5174.0,869.4626,0
1697603400000,0.1681,0.1695,0.1678,0.1695,211119.0,1697604299999,35636.4356,283,175748.0,29671.819,0
1697604300000,0.1694,0.1708,0.1692,0.1704,373954.0,1697605199999,63579.6993,667,250817.0,42652.2252,0
1697605200000,0.1705,0.1705,0.1691,0.1694,74672.0,1697606099999,12667.5191,109,27077.0,4594.9909,0
1697606100000,0.1694,0.1694,0.1689,0.1691,71391.0,1697606999999,12081.9128,85,22805.0,3860.4798,0
1697607000000,0.1691,0.1694,0.1689,0.1691,38564.0,1697607899999,6521.832,72,9144.0,1546.4256,0
1697607900000,0.169,0.169,0.1688,0.169,39898.0,1697608799999,6737.8642,59,20630.0,3484.4696,0
1697608800000,0.169,0.1691,0.1687,0.1687,28211.0,1697609699999,4765.5024,37,5302.0,894.9666,0
1697609700000,0.1689,0.1689,0.1683,0.1683,17624.0,1697610599999,2972.1288,25,1250.0,210.5426,0
1697610600000,0.1684,0.1684,0.1677,0.1678,78192.0,1697611499999,13133.1586,70,19952.0,3349.9358,0
1697611500000,0.1677,0.1679,0.1677,0.1678,30835.0,1697612399999,5172.1187,43,6083.0,1020.8138,0
1697612400000,0.1676,0.1677,0.1671,0.1676,42512.0,1697613299999,7118.8449,62,15463.0,2589.1922,0
1697613300000,0.1676,0.1682,0.1676,0.1681,16448.0,1697614199999,2759.947,34,7104.0,1192.0134,0
1697614200000,0.168,0.1683,0.1669,0.1675,399699.0,1697615099999,66939.0758,496,191383.0,32060.0075,0
1697615100000,0.1673,0.1674,0.167,0.167,15170.0,1697615999999,2536.5085,24,9746.0,1629.7811,0
1697616000000,0.1671,0.1672,0.1668,0.1671,23811.0,1697616899999,3977.5541,43,4145.0,692.7928,0
1697616900000,0.167,0.1675,0.1668,0.1674,29618.0,1697617799999,4950.2734,38,18606.0,3109.5682,0
1697617800000,0.1675,0.168,0.1675,0.168,172267.0,1697618699999,28911.5184,110,75765.0,12717.1897,0
1697618700000,0.1679,0.1684,0.1678,0.1684,40563.0,1697619599999,6817.6931,41,24002.0,4034.747,0
1697619600000,0.1683,0.1683,0.1679,0.1682,45539.0,1697620499999,7656.3214,55,12643.0,2125.7956,0
1697620500000,0.1682,0.1685,0.1681,0.1685,19002.0,1697621399999,3197.7206,31,5326.0,896.8418,0
1697621400000,0.1684,0.1686,0.1682,0.1684,25932.0,1697622299999,4364.4493,41,7977.0,1342.8925,0
1697622300000,0.1684,0.1684,0.1672,0.1672,37630.0,1697623199999,6304.6605,57,3982.0,666.562,0
1697623200000,0.1671,0.168,0.1671,0.168,35322.0,1697624099999,5925.1245,52,9249.0,1550.9864,0
1697624100000,0.168,0.1682,0.1679,0.1681,23684.0,1697624999999,3978.093,28,6627.0,1113.5657,0
1697625000000,0.1679,0.168,0.1676,0.1678,39861.0,1697625899999,6689.9504,49,12421.0,2085.2147,0
1697625900000,0.1677,0.1677,0.1674,0.1674,18030.0,1697626799999,3020.7974,22,1179.0,197.6596,0
1697626800000,0.1674,0.1674,0.167,0.1671,55031.0,1697627699999,9196.6668,53,43373.0,7247.1314,0
1697627700000,0.1671,0.1674,0.167,0.167,102928.0,1697628599999,17216.0102,110,43889.0,7340.6611,0
1697628600000,0.167,0.1673,0.1668,0.1668,34368.0,1697629499999,5745.1503,50,10214.0,1707.6992,0
1697629500000,0.1669,0.1669,0.1667,0.1668,17084.0,1697630399999,2849.3264,25,10440.0,1741.3524,0
1697630400000,0.1669,0.1671,0.1667,0.1667,24985.0,1697631299999,4169.273,36,3010.0,502.6263,0
1697631300000,0.1668,0.1669,0.1664,0.1666,24078.0,1697632199999,4009.684,42,4887.0,814.0175,0
1697632200000,0.1667,0.1668,0.1665,0.1665,4671.0,1697633099999,777.9059,12,369.0,61.4872,0
1697633100000,0.1663,0.1663,0.1657,0.1659,96022.0,1697633999999,15942.5384,91,7262.0,1204.5082,0
1697634000000,0.1661,0.1661,0.1658,0.1658,6816.0,1697634899999,1130.5728,15,1565.0,259.7213,0
1697634900000,0.1659,0.1661,0.1658,0.1659,50644.0,1697635799999,8406.4538,80,33472.0,5555.8976,0
1697635800000,0.1658,0.1659,0.1653,0.1653,44947.0,1697636699999,7447.5136,66,31640.0,5244.0937,0
1697636700000,0.1654,0.1656,0.165,0.1654,28181.0,1697637599999,4660.3463,65,17254.0,2854.307,0
1697637600000,0.1652,0.1652,0.1647,0.1649,45246.0,1697638499999,7466.1317,40,30959.0,5109.9325,0
1697638500000,0.1649,0.1654,0.1646,0.1651,17573.0,1697639399999,2898.5694,40,5256.0,866.7562,0
1697639400000,0.1651,0.1651,0.1643,0.165,22255.0,1697640299999,3665.3701,53,11293.0,1862.0917,0
1697640300000,0.1648,0.1649,0.1647,0.1647,10755.0,1697641199999,1772.1309,26,3814.0,628.3967,0
1697641200000,0.1649,0.165,0.1646,0.165,16902.0,1697642099999,2785.4401,40,14473.0,2385.196,0
1697642100000,0.165,0.1651,0.1647,0.1648,19196.0,1697642999999,3164.9878,37,5457.0,900.3342,0
1697643000000,0.1649,0.1652,0.1649,0.1652,73346.0,1697643899999,12110.1941,91,37256.0,6152.278,0
1697643900000,0.1653,0.166,0.1653,0.1657,92354.0,1697644799999,15301.3645,82,46213.0,7654.7415,0
1697644800000,0.1657,0.1666,0.1656,0.1664,68998.0,1697645699999,11457.7608,123,52052.0,8641.5725,0
1697645700000,0.1665,0.1666,0.1662,0.1664,19757.0,1697646599999,3287.1447,45,10032.0,1669.4708,0
1697646600000,0.1664,0.1664,0.1658,0.166,29760.0,1697647499999,4946.1408,50,3591.0,596.4725,0
1697647500000,0.1662,0.1667,0.1662,0.1664,71012.0,1697648399999,11824.2599,119,42596.0,7093.7096,0
1697648400000,0.1663,0.1665,0.1662,0.1665,146389.0,1697649299999,24343.0574,83,12669.0,2108.0872,0
1697649300000,0.1665,0.1665,0.1659,0.1659,134614.0,1697650199999,22351.9946,88,15257.0,2536.2999,0
1697650200000,0.166,0.1662,0.1651,0.1652,189539.0,1697651099999,31376.1317,172,66983.0,11084.6,0
1697651100000,0.1653,0.1656,0.1651,0.1654,86145.0,1697651999999,14245.4434,95,43251.0,7152.3394,0
1697652000000,0.1655,0.1659,0.1655,0.1657,43380.0,1697652899999,7184.826,58,27130.0,4493.0606,0
1697652900000,0.1657,0.1671,0.1657,0.1668,178551.0,1697653799999,29726.2072,177,155643.0,25912.3032,0
1697653800000,0.1668,0.1676,0.1667,0.1668,189176.0,1697654699999,31614.6362,269,123090.0,20577.7167,0
1697654700000,0.1668,0.167,0.1665,0.1668,59561.0,1697655599999,9929.0447,64,40144.0,6693.8956,0
1697655600000,0.1668,0.1669,0.1664,0.1664,79146.0,1697656499999,13183.5607,73,46484.0,7744.5401,0
1697656500000,0.1664,0.1664,0.1661,0.1661,51308.0,1697657399999,8529.835,33,13010.0,2162.4899,0
1697657400000,0.1661,0.1662,0.1658,0.1661,12914.0,1697658299999,2143.5552,34,4213.0,699.241,0
1697658300000,0.1661,0.1666,0.1661,0.1663,13654.0,1697659199999,2271.7128,35,5273.0,877.7016,0
1697659200000,0.1662,0.1664,0.1659,0.1663,46595.0,1697660099999,7745.488,41,29482.0,4900.944,0
1697660100000,0.1663,0.1667,0.1663,0.1667,12983.0,1697660999999,2161.8393,33,8288.0,1380.0614,0
1697661000000,0.1667,0.1667,0.166,0.1661,57923.0,1697661899999,9633.306,63,29355.0,4881.6254,0
1697661900000,0.1661,0.1661,0.1655,0.1659,79014.0,1697662799999,13088.1875,60,32600.0,5398.125,0
1697662800000,0.1658,0.1658,0.1654,0.1654,28955.0,1697663699999,4795.7331,29,4257.0,704.9592,0
1697663700000,0.1654,0.1654,0.1651,0.1653,55100.0,1697664599999,9102.4646,45,20200.0,3335.4147,0
1697664600000,0.1653,0.1653,0.165,0.1651,14985.0,1697665499999,2474.2722,25,1505.0,248.5418,0
1697665500000,0.1652,0.1652,0.1648,0.165,7964.0,1697666399999,1313.8498,28,1578.0,260.2671,0
1697666400000,0.1648,0.1654,0.1648,0.1654,16798.0,1697667299999,2775.9779,32,14127.0,2334.4988,0
1697667300000,0.1654,0.1659,0.1654,0.1656,34394.0,1697668199999,5697.3857,29,2555.0,423.328,0
1697668200000,0.1656,0.1656,0.1651,0.1651,8026.0,1697669099999,1326.5738,14,78.0,12.8934,0
1697669100000,0.165,0.1653,0.165,0.1652,38689.0,1697669999999,6388.8132,41,31945.0,5275.4033,0
1697670000000,0.1652,0.1653,0.1651,0.1651,109745.0,1697670899999,18135.9062,104,48353.0,7991.4612,0
1697670900000,0.1652,0.1664,0.1652,0.1662,272504.0,1697671799999,45180.7936,422,167762.0,27813.2575,0
1697671800000,0.1662,0.1662,0.1657,0.1658,61959.0,1697672699999,10279.8757,94,28617.0,4748.3299,0
1697672700000,0.1657,0.1666,0.1656,0.1659,477001.0,1697673599999,79287.6266,551,189013.0,31419.3508,0
1697673600000,0.1659,0.1665,0.1652,0.1653,137180.0,1697674499999,22732.8463,208,64236.0,10654.1469,0
1697674500000,0.1654,0.1654,0.1642,0.1645,191106.0,1697675399999,31494.5844,188,89950.0,14828.3249,0
1697675400000,0.1647,0.1647,0.1643,0.1645,30095.0,1697676299999,4949.7713,55,10021.0,1648.9539,0
1697676300000,0.1645,0.1651,0.1645,0.165,240984.0,1697677199999,39732.1334,102,24517.0,4042.9518,0
1697677200000,0.1649,0.1649,0.1642,0.1648,88623.0,1697678099999,14575.0795,67,70630.0,11612.6943,0
1697678100000,0.1647,0.1648,0.1645,0.1645,9837.0,1697678999999,1618.731,16,86.0,14.1675,0
1697679000000,0.1644,0.1644,0.1618,0.1623,287426.0,1697679899999,46902.4672,353,78701.0,12865.1213,0
1697679900000,0.1624,0.1629,0.1623,0.1627,91821.0,1697680799999,14930.0998,127,28831.0,4690.4562,0
1697680800000,0.1626,0.163,0.1625,0.1629,80316.0,1697681699999,13071.8655,95,49760.0,8100.671,0
1697681700000,0.1628,0.1629,0.1624,0.1624,33762.0,1697682599999,5493.18,56,25301.0,4116.3798,0
1697682600000,0.1624,0.1627,0.162,0.162,56340.0,1697683499999,9142.6137,57,19881.0,3229.645,0
1697683500000,0.1621,0.1624,0.1618,0.1621,75795.0,1697684399999,12279.8502,74,39746.0,6439.8028,0
1697684400000,0.1619,0.1628,0.1619,0.1626,18824.0,1697685299999,3058.4755,20,16434.0,2669.6962,0
1697685300000,0.1626,0.1628,0.1626,0.1626,16472.0,1697686199999,2679.4745,19,8385.0,1364.2404,0
1697686200000,0.1627,0.1629,0.1627,0.1628,14354.0,1697687099999,2336.8153,11,12553.0,2043.5064,0
1697687100000,0.1625,0.1628,0.1625,0.1628,147.0,1697687999999,23.9001,2,0.0,0.0,0
1697688000000,0.1626,0.1626,0.1619,0.1619,12264.0,1697688899999,1990.8618,37,7125.0,1156.644,0
1697688900000,0.1618,0.1622,0.1618,0.162,19466.0,1697689799999,3151.1825,49,11602.0,1878.0406,0
1697689800000,0.162,0.162,0.1619,0.162,19154.0,1697690699999,3102.4782,32,10066.0,1630.2634,0
1697690700000,0.1621,0.1624,0.162,0.1623,28686.0,1697691599999,4652.3277,44,19423.0,3150.7484,0
1697691600000,0.1622,0.1627,0.1621,0.1627,40879.0,1697692499999,6637.627,51,16231.0,2638.0063,0
1697692500000,0.1626,0.1626,0.1624,0.1625,5312.0,1697693399999,863.2464,25,1310.0,212.875,0
1697693400000,0.1624,0.1625,0.1621,0.1622,43694.0,1697694299999,7090.211,60,892.0,144.7034,0
1697694300000,0.1621,0.1621,0.1618,0.1619,15715.0,1697695199999,2545.6584,22,8337.0,1351.1963,0
1697695200000,0.1619,0.1619,0.1618,0.1618,1519.0,1697696099999,245.884,9,1098.0,177.7541,0
1697696100000,0.1618,0.1618,0.1615,0.1616,24439.0,1697696999999,3947.9931,22,3258.0,526.846,0
1697697000000,0.1615,0.1622,0.1615,0.1622,10962.0,1697697899999,1774.2072,26,9361.0,1515.3593,0
1697697900000,0.1622,0.1623,0.1619,0.1623,41585.0,1697698799999,6743.3917,47,13150.0,2131.4122,0
1697698800000,0.1624,0.1624,0.162,0.1621,33781.0,1697699699999,5479.9665,43,25229.0,4092.5889,0
1697699700000,0.1621,0.1622,0.162,0.1621,16611.0,1697700599999,2692.0826,40,9217.0,1494.0587,0
1697700600000,0.1621,0.1624,0.1621,0.1624,8493.0,1697701499999,1378.3619,15,7109.0,1153.6246,0
1697701500000,0.1625,0.1626,0.1625,0.1626,1311.0,1697702399999,213.0836,7,1311.0,213.0836,0
1697702400000,0.1626,0.1627,0.1625,0.1627,7703.0,1697703299999,1252.6063,13,2721.0,442.6505,0
1697703300000,0.1628,0.1631,0.1626,0.1628,60909.0,1697704199999,9921.4675,81,39830.0,6488.054,0
1697704200000,0.1628,0.1628,0.1627,0.1628,8704.0,1697705099999,1416.9738,11,781.0,127.1094,0
1697705100000,0.1629,0.1631,0.1628,0.1629,24502.0,1697705999999,3993.6354,19,7040.0,1147.443,0
1697706000000,0.1629,0.1629,0.1625,0.1628,38265.0,1697706899999,6225.7026,31,1945.0,316.1481,0
1697706900000,0.1629,0.1633,0.1629,0.1631,27355.0,1697707799999,4462.8644,39,6465.0,1053.7272,0
1697707800000,0.1631,0.1631,0.1624,0.1625,16213.0,1697708699999,2636.0699,28,6736.0,1094.8979,0
1697708700000,0.1626,0.1626,0.1622,0.1623,3030.0,1697709599999,491.8751,11,1654.0,268.5479,0
1697709600000,0.1624,0.1627,0.1621,0.1627,15759.0,1697710499999,2557.1209,18,13786.0,2236.4332,0
1697710500000,0.1625,0.1626,0.1623,0.1623,10012.0,1697711399999,1625.9634,19,3349.0,543.6371,0
1697711400000,0.1623,0.1627,0.1623,0.1627,69903.0,1697712299999,11365.6299,30,4631.0,752.8298,0
1697712300000,0.1628,0.1631,0.1628,0.163,9984.0,1697713199999,1627.2923,22,5434.0,885.6862,0
1697713200000,0.1631,0.1632,0.1627,0.1627,18419.0,1697714099999,3002.2807,24,4134.0,674.3018,0
1697714100000,0.1627,0.1629,0.1625,0.1625,28703.0,1697714999999,4669.0094,22,12308.0,2002.0505,0
1697715000000,0.1625,0.1628,0.1621,0.1622,78339.0,1697715899999,12735.4906,57,59493.0,9673.9123,0
1697715900000,0.1622,0.1623,0.1621,0.1623,16694.0,1697716799999,2707.675,29,9374.0,1521.103,0
1697716800000,0.1624,0.1624,0.1622,0.1622,12971.0,1697717699999,2104.5379,22,8285.0,1344.3131,0
1697717700000,0.1622,0.1623,0.1621,0.1621,12646.0,1697718599999,2050.6143,24,6020.0,976.4127,0
1697718600000,0.1622,0.1627,0.1621,0.1625,49689.0,1697719499999,8077.788,51,43977.0,7150.6223,0
1697719500000,0.1627,0.1628,0.1625,0.1627,21042.0,1697720399999,3420.4557,29,1209.0,196.6363,0
1697720400000,0.1626,0.1631,0.1625,0.163,29333.0,1697721299999,4778.6514,37,25929.0,4224.6385,0
1697721300000,0.1631,0.1632,0.1629,0.1629,19664.0,1697722199999,3206.2366,18,5314.0,867.0724,0
1697722200000,0.163,0.1632,0.1627,0.1629,7881.0,1697723099999,1284.4105,18,2480.0,404.3936,0
1697723100000,0.1628,0.163,0.1626,0.1627,11582.0,1697723999999,1885.8202,18,4369.0,711.5776,0
1697724000000,0.1626,0.1629,0.1625,0.1629,35393.0,1697724899999,5755.7737,36,17116.0,2783.4405,0
1697724900000,0.1627,0.1628,0.1625,0.1626,37464.0,1697725799999,6092.4512,53,18561.0,3019.0932,0
1697725800000,0.1625,0.1629,0.1625,0.1627,26883.0,1697726699999,4373.3744,62,17985.0,2925.7012,0
1697726700000,0.1628,0.1633,0.1625,0.1632,62190.0,1697727599999,10129.8296,63,31132.0,5075.7147,0
1697727600000,0.1631,0.1633,0.1628,0.1629,36790.0,1697728499999,6001.6836,45,27470.0,4481.8476,0
1697728500000,0.1628,0.163,0.1626,0.1628,78394.0,1697729399999,12762.847,119,24036.0,3913.208,0
1697729400000,0.1628,0.1632,0.1627,0.1632,70477.0,1697730299999,11484.289,95,16626.0,2709.2694,0
1697730300000,0.1631,0.1631,0.1628,0.163,12195.0,1697731199999,1987.3422,38,2383.0,388.3641,0
1697731200000,0.1629,0.1632,0.1629,0.1631,98418.0,1697732099999,16043.9136,101,83772.0,13657.2264,0
1697732100000,0.1631,0.1639,0.1631,0.1633,109405.0,1697732999999,17894.8382,176,40021.0,6548.9066,0
1697733000000,0.1634,0.1639,0.1634,0.1637,151069.0,1697733899999,24727.2561,234,98665.0,16152.3834,0
1697733900000,0.1637,0.1638,0.1634,0.1637,88743.0,1697734799999,14523.171,152,61575.0,10077.9124,0
1697734800000,0.1636,0.1636,0.1631,0.1634,85660.0,1697735699999,13990.6933,76,20368.0,3327.4504,0
1697735700000,0.1635,0.1636,0.1631,0.1631,33625.0,1697736599999,5491.3142,38,6810.0,1112.6821,0
1697736600000,0.1632,0.1633,0.1627,0.1629,11435.0,1697737499999,1864.1963,22,4788.0,780.5506,0
1697737500000,0.163,0.1631,0.163,0.1631,6015.0,1697738399999,980.6086,16,1580.0,257.6703,0
1697738400000,0.163,0.164,0.163,0.1638,130780.0,1697739299999,21373.6856,143,111247.0,18182.007,0
1697739300000,0.1638,0.164,0.1638,0.164,13104.0,1697740199999,2148.5798,28,7733.0,1267.8441,0
1697740200000,0.164,0.164,0.1634,0.1637,29405.0,1697741099999,4813.3621,60,8046.0,1316.9051,0
1697741100000,0.1637,0.164,0.1636,0.1637,21819.0,1697741999999,3573.262,41,10543.0,1727.2358,0
1697742000000,0.1637,0.1639,0.1635,0.1639,16518.0,1697742899999,2703.0918,35,12071.0,1975.6626,0
1697742900000,0.1638,0.1643,0.1638,0.1643,13612.0,1697743799999,2233.0662,26,10225.0,1677.5104,0
1697743800000,0.1643,0.1644,0.1643,0.1643,16338.0,1697744699999,2684.9767,20,1408.0,231.4752,0
1697744700000,0.1643,0.1643,0.1642,0.1643,5659.0,1697745599999,929.7557,10,254.0,41.7322,0
1697745600000,0.1642,0.1647,0.1642,0.1647,28430.0,1697746499999,4680.4883,41,13039.0,2146.5196,0
1697746500000,0.1647,0.1647,0.1643,0.1643,6564.0,1697747399999,1080.4187,15,689.0,113.4591,0
1697747400000,0.1643,0.1648,0.1638,0.1644,123456.0,1697748299999,20266.8467,100,53926.0,8862.5725,0
1697748300000,0.1644,0.1647,0.1638,0.1639,117594.0,1697749199999,19329.0588,116,65690.0,10799.923,0
1697749200000,0.1639,0.164,0.163,0.1634,143532.0,1697750099999,23481.4279,110,86599.0,14176.9327,0
1697750100000,0.1633,0.1633,0.1631,0.1633,23224.0,1697750999999,3791.7767,30,15379.0,2510.9931,0
1697751000000,0.1633,0.1636,0.1632,0.1636,28364.0,1697751899999,4632.9821,38,16476.0,2692.2939,0
1697751900000,0.1635,0.1637,0.1633,0.1635,63601.0,1697752799999,10398.9677,65,28601.0,4678.8692,0
1697752800000,0.1635,0.1636,0.1631,0.1635,108373.0,1697753699999,17710.3273,127,52871.0,8643.8621,0
1697753700000,0.1636,0.1638,0.1631,0.1634,107354.0,1697754599999,17547.4193,87,20792.0,3395.5194,0
1697754600000,0.1634,0.1635,0.1631,0.1631,29476.0,1697755499999,4813.6892,33,23582.0,3851.8692,0
1697755500000,0.1631,0.1631,0.1629,0.163,3717.0,1697756399999,605.7567,10,423.0,68.949,0
1697756400000,0.163,0.1631,0.163,0.1631,16922.0,1697757299999,2759.6659,11,3123.0,509.049,0
1697757300000,0.1633,0.1634,0.1632,0.1634,24197.0,1697758199999,3950.9696,23,3082.0,503.4298,0
1697758200000,0.1635,0.1637,0.1635,0.1636,28927.0,1697759099999,4732.5874,22,21189.0,3466.8778,0
1697759100000,0.1638,0.164,0.1638,0.164,10930.0,1697759999999,1791.4004,19,6404.0,1049.7775,0
1697760000000,0.164,0.164,0.1633,0.1633,16259.0,1697760899999,2661.3669,39,5029.0,823.646,0
1697760900000,0.1633,0.1635,0.1631,0.1634,18605.0,1697761799999,3038.2932,19,478.0,78.1074,0
1697761800000,0.1632,0.1632,0.1627,0.1628,76461.0,1697762699999,12455.6987,72,15539.0,2532.1626,0
1697762700000,0.1627,0.1627,0.1622,0.1623,40645.0,1697763599999,6601.5275,60,22786.0,3700.1177,0
1697763600000,0.1624,0.1624,0.1619,0.1619,50695.0,1697764499999,8218.1424,83,23868.0,3870.9894,0
1697764500000,0.1621,0.1626,0.1621,0.1626,38097.0,1697765399999,6177.7937,30,37378.0,6061.1209,0
1697765400000,0.1625,0.1628,0.1624,0.1628,2932.0,1697766299999,476.5154,10,977.0,158.8706,0
1697766300000,0.1626,0.1631,0.1626,0.1631,32381.0,1697767199999,5274.6566,35,30326.0,4939.8193,0
1697767200000,0.1631,0.1635,0.1631,0.1635,12177.0,1697768099999,1989.665,25,12047.0,1968.4419,0
1697768100000,0.1636,0.164,0.1636,0.1637,34046.0,1697768999999,5574.4801,62,6727.0,1101.1505,0
1697769000000,0.1636,0.1644,0.1636,0.1642,29335.0,1697769899999,4813.9089,53,21472.0,3522.5355,0
1697769900000,0.1643,0.1648,0.1642,0.1645,83308.0,1697770799999,13716.0223,107,35875.0,5906.4922,0
1697770800000,0.1646,0.1652,0.1646,0.1652,41580.0,1697771699999,6856.13,64,35352.0,5829.8545,0
1697771700000,0.1652,0.1666,0.1651,0.1662,135273.0,1697772599999,22442.6176,182,91721.0,15223.4111,0
1697772600000,0.1664,0.1664,0.1657,0.1658,59094.0,1697773499999,9813.283,85,19878.0,3302.1567,0
1697773500000,0.1657,0.1657,0.1651,0.1652,31011.0,1697774399999,5123.488,30,4658.0,770.1213,0
1697774400000,0.1654,0.1654,0.165,0.1651,4135.0,1697775299999,683.1996,10,2451.0,405.0846,0
1697775300000,0.1651,0.1657,0.1651,0.1655,26159.0,1697776199999,4329.142,28,10132.0,1675.0011,0
1697776200000,0.1656,0.1658,0.1655,0.1658,20583.0,1697777099999,3407.5642,24,4117.0,681.8039,0
1697777100000,0.1658,0.1661,0.1657,0.166,37083.0,1697777999999,6152.4258,25,10948.0,1816.8764,0
1697778000000,0.1662,0.1663,0.1661,0.1661,35057.0,1697778899999,5824.7267,47,15727.0,2613.3074,0
1697778900000,0.1661,0.1663,0.166,0.166,36234.0,1697779799999,6017.1665,32,8393.0,1394.2264,0
1697779800000,0.166,0.166,0.1659,0.166,17723.0,1697780699999,2941.7389,20,5585.0,926.846,0
1697780700000,0.166,0.1661,0.166,0.1661,26241.0,1697781599999,4358.6047,12,2064.0,342.8304,0
1697781600000,0.166,0.1661,0.166,0.1661,3413.0,1697782499999,566.6784,5,3413.0,566.6784,0
1697782500000,0.166,0.1661,0.1658,0.1661,18522.0,1697783399999,3074.0128,28,17371.0,2882.9628,0
1697783400000,0.166,0.1663,0.166,0.1662,13672.0,1697784299999,2270.8727,13,6965.0,1157.4625,0
1697784300000,0.1662,0.1663,0.1662,0.1663,5928.0,1697785199999,985.4832,11,5897.0,980.331,0
1697785200000,0.1662,0.1665,0.1659,0.1663,66394.0,1697786099999,11036.9845,56,13909.0,2313.2092,0
1697786100000,0.1662,0.1666,0.1661,0.1666,37845.0,1697786999999,6297.0296,32,34872.0,5802.6817,0
1697787000000,0.1666,0.167,0.1666,0.1667,42258.0,1697787899999,7048.7062,62,11445.0,1908.2917,0
1697787900000,0.1666,0.1666,0.1657,0.1658,14277.0,1697788799999,2371.3844,22,3066.0,509.3487,0
1697788800000,0.1657,0.1666,0.1657,0.1666,22109.0,1697789699999,3676.638,34,8210.0,1365.3199,0
1697789700000,0.1665,0.1678,0.1665,0.1676,48783.0,1697790599999,8150.8171,91,29029.0,4850.269,0
1697790600000,0.1675,0.1681,0.1675,0.1681,51041.0,1697791499999,8563.9787,83,28443.0,4774.5125,0
1697791500000,0.1681,0.1686,0.1677,0.1679,150646.0,1697792399999,25349.9283,147,68867.0,11583.9867,0
1697792400000,0.1679,0.1681,0.1675,0.1676,100773.0,1697793299999,16915.3161,110,32078.0,5386.4843,0
1697793300000,0.1676,0.1682,0.1676,0.1681,51372.0,1697794199999,8628.0889,39,43779.0,7351.9352,0
1697794200000,0.168,0.1681,0.1677,0.1679,34066.0,1697795099999,5721.6886,42,5167.0,867.9542,0
1697795100000,0.1679,0.1683,0.1678,0.1683,9351.0,1697795999999,1571.4462,17,6759.0,1135.843,0
1697796000000,0.1684,0.1686,0.1683,0.1686,38236.0,1697796899999,6441.4898,64,23378.0,3938.7794,0
1697796900000,0.1686,0.1689,0.1682,0.1682,40762.0,1697797799999,6872.7485,62,16291.0,2745.4142,0
1697797800000,0.1682,0.1691,0.1679,0.1684,94649.0,1697798699999,15973.1199,93,69396.0,11711.7994,0
1697798700000,0.1685,0.1687,0.1681,0.1682,107250.0,1697799599999,18062.8803,111,74114.0,12483.3208,0
1697799600000,0.168,0.1684,0.1679,0.1684,6255.0,1697800499999,1052.3932,20,3698.0,622.1745,0
1697800500000,0.1682,0.1683,0.1682,0.1682,619.0,1697801399999,104.1383,6,225.0,37.8599,0
1697801400000,0.1681,0.1684,0.1678,0.1679,42181.0,1697802299999,7091.234,58,30484.0,5124.7403,0
1697802300000,0.168,0.1681,0.1677,0.1678,10792.0,1697803199999,1812.6619,30,5715.0,960.096,0
1697803200000,0.1678,0.1681,0.1678,0.168,6864.0,1697804099999,1152.8098,15,2357.0,395.7592,0
1697804100000,0.168,0.1684,0.1671,0.1672,177928.0,1697804999999,29921.3404,206,135568.0,22804.91,0
1697805000000,0.1675,0.1676,0.1672,0.1675,23027.0,1697805899999,3855.5036,34,9052.0,1515.6121,0
1697805900000,0.1675,0.1675,0.1667,0.1674,21821.0,1697806799999,3646.5931,43,12106.0,2022.6053,0
1697806800000,0.1676,0.1684,0.1676,0.1682,117216.0,1697807699999,19710.1878,133,86264.0,14504.3275,0
1697807700000,0.1682,0.1686,0.1682,0.1683,29053.0,1697808599999,4891.8699,39,20388.0,3433.0171,0
1697808600000,0.1682,0.1687,0.1679,0.1685,104083.0,1697809499999,17518.6375,126,62090.0,10456.3541,0
1697809500000,0.1687,0.169,0.1687,0.169,9299.0,1697810399999,1569.3519,24,3813.0,643.6732,0
1697810400000,0.1689,0.1694,0.1683,0.1683,69318.0,1697811299999,11711.5422,102,42791.0,7233.3256,0
1697811300000,0.1684,0.1689,0.1684,0.1687,25321.0,1697812199999,4272.7435,31,11545.0,1948.4104,0
1697812200000,0.1687,0.1692,0.1687,0.1692,82069.0,1697813099999,13863.6112,57,55731.0,9412.314,0
1697813100000,0.1693,0.1695,0.1692,0.1693,11738.0,1697813999999,1987.9043,33,3160.0,535.2968,0
1697814000000,0.1692,0.1694,0.1691,0.1693,5632.0,1697814899999,953.1854,16,1181.0,199.9597,0
1697814900000,0.1694,0.1697,0.1693,0.1696,60656.0,1697815799999,10278.014,34,27549.0,4669.323,0
1697815800000,0.1697,0.1699,0.1694,0.1695,29992.0,1697816699999,5088.8619,50,19851.0,3368.5118,0
1697816700000,0.1696,0.17,0.1696,0.1699,30390.0,1697817599999,5158.8992,40,4330.0,735.6372,0
1697817600000,0.1699,0.1699,0.1697,0.1697,23769.0,1697818499999,4035.4274,38,13953.0,2368.9156,0
1697818500000,0.1695,0.1704,0.1695,0.1698,68266.0,1697819399999,11610.4773,97,29992.0,5101.2708,0
1697819400000,0.1698,0.17,0.1695,0.1696,16252.0,1697820299999,2758.5639,33,7348.0,1247.9594,0
1697820300000,0.1695,0.1696,0.169,0.1693,53476.0,1697821199999,9049.292,45,30476.0,5156.068,0
1697821200000,0.1693,0.1693,0.1686,0.1687,100576.0,1697822099999,16966.0327,75,51857.0,8745.9881,0
1697822100000,0.1689,0.1696,0.1688,0.1695,11845.0,1697822999999,2003.9616,32,10136.0,1714.3246,0
1697823000000,0.1695,0.1697,0.1694,0.1695,35902.0,1697823899999,6087.4549,58,19477.0,3303.296,0
1697823900000,0.1697,0.1699,0.1697,0.1697,5041.0,1697824799999,855.6869,15,2698.0,458.0798,0
1697824800000,0.1697,0.17,0.1695,0.1697,6414.0,1697825699999,1088.1943,18,2534.0,430.1615,0
1697825700000,0.1697,0.1699,0.1697,0.1699,2882.0,1697826599999,489.3958,7,1621.0,275.2013,0
1697826600000,0.1699,0.1699,0.1696,0.1696,18749.0,1697827499999,3182.4825,36,8400.0,1425.5624,0
1697827500000,0.1697,0.1697,0.1694,0.1694,3185.0,1697828399999,539.9746,6,0.0,0.0,0
1697828400000,0.1696,0.1697,0.1695,0.1697,6722.0,1697829299999,1140.3305,12,3848.0,652.9297,0
1697829300000,0.1695,0.1695,0.1693,0.1694,18313.0,1697830199999,3102.1197,24,9391.0,1590.8354,0
1697830200000,0.1695,0.1695,0.1691,0.1691,46170.0,1697831099999,7815.4264,42,15201.0,2575.1082,0
1697831100000,0.169,0.1696,0.1689,0.1696,10336.0,1697831999999,1747.509,11,8833.0,1493.562,0
1697832000000,0.1697,0.17,0.1696,0.17,19242.0,1697832899999,3269.3088,21,18237.0,3098.7538,0
1697832900000,0.17,0.17,0.1699,0.17,30551.0,1697833799999,5193.6018,24,7869.0,1337.73,0
1697833800000,0.17,0.1705,0.17,0.1705,27761.0,1697834699999,4726.8829,31,18003.0,3065.8534,0
1697834700000,0.1705,0.1705,0.17,0.1702,20477.0,1697835599999,3486.7475,29,7376.0,1254.9576,0
1697835600000,0.1702,0.1704,0.17,0.17,19810.0,1697836499999,3373.335,18,10577.0,1801.0776,0
1697836500000,0.17,0.1701,0.1698,0.1701,9210.0,1697837399999,1565.4888,15,7155.0,1216.4237,0
1697837400000,0.17,0.1702,0.17,0.17,9360.0,1697838299999,1591.9486,13,2071.0,352.4842,0
1697838300000,0.17,0.1705,0.17,0.1705,28495.0,1697839199999,4852.684,24,24402.0,4156.4647,0
1697839200000,0.1706,0.171,0.1704,0.1709,70765.0,1697840099999,12076.5021,53,35498.0,6060.7271,0
1697840100000,0.1708,0.1709,0.1707,0.1709,12926.0,1697840999999,2207.2168,15,330.0,56.3448,0
1697841000000,0.1709,0.1711,0.1707,0.171,42509.0,1697841899999,7265.7209,42,30797.0,5265.0192,0
1697841900000,0.171,0.1711,0.1708,0.1709,4836.0,1697842799999,826.9178,14,1902.0,325.3919,0
1697842800000,0.1711,0.1714,0.1711,0.1713,22364.0,1697843699999,3830.6209,50,11059.0,1894.5909,0
1697843700000,0.1712,0.1712,0.1707,0.1709,40351.0,1697844599999,6894.5025,34,4000.0,683.4175,0
1697844600000,0.1709,0.1709,0.1705,0.1705,13458.0,1697845499999,2295.5969,14,5847.0,996.9275,0
1697845500000,0.1704,0.1707,0.1703,0.1703,17757.0,1697846399999,3026.3251,17,9827.0,1675.1714,0
1697846400000,0.1706,0.1725,0.1702,0.1707,394017.0,1697847299999,67600.4079,587,221662.0,38037.1702,0
1697847300000,0.1707,0.1713,0.1705,0.1712,40658.0,1697848199999,6947.1586,53,21009.0,3588.8057,0
1697848200000,0.1711,0.1711,0.1699,0.1699,42144.0,1697849099999,7177.3985,62,5452.0,929.5133,0
1697849100000,0.1699,0.1699,0.1696,0.1696,34156.0,1697849999999,5798.4766,59,16042.0,2724.6228,0
1697850000000,0.1696,0.1698,0.1694,0.1698,32720.0,1697850899999,5546.9569,33,16199.0,2746.5169,0
1697850900000,0.1698,0.1704,0.1698,0.1704,16163.0,1697851799999,2749.7021,26,13445.0,2287.3431,0
1697851800000,0.1705,0.1705,0.1698,0.1698,14525.0,1697852699999,2473.024,25,6045.0,1030.3599,0
1697852700000,0.1703,0.1703,0.1698,0.1698,8613.0,1697853599999,1463.0232,17,5083.0,863.0934,0
1697853600000,0.1698,0.1698,0.1697,0.1697,10492.0,1697854499999,1780.5422,13,4571.0,775.6987,0
1697854500000,0.1699,0.1705,0.1699,0.1705,4412.0,1697855399999,750.4686,17,4412.0,750.4686,0
1697855400000,0.1703,0.1703,0.17,0.1703,3309.0,1697856299999,563.3406,10,1497.0,254.8984,0
1697856300000,0.1703,0.1705,0.1702,0.1705,1463.0,1697857199999,249.1435,8,1403.0,238.9255,0
1697857200000,0.1705,0.1707,0.1697,0.1697,61876.0,1697858099999,10517.2376,71,4184.0,711.7133,0
1697858100000,0.1702,0.1702,0.17,0.1701,55749.0,1697858999999,9479.6787,83,3511.0,597.1886,0
1697859000000,0.1702,0.1707,0.1702,0.1707,11736.0,1697859899999,1999.72,18,11621.0,1980.1355,0
1697859900000,0.1707,0.1708,0.1703,0.1705,26480.0,1697860799999,4514.1182,28,7957.0,1356.7125,0
1697860800000,0.1705,0.1708,0.1705,0.1708,18205.0,1697861699999,3107.5066,14,7144.0,1219.3939,0
1697861700000,0.1708,0.1709,0.1706,0.1709,21265.0,1697862599999,3628.4477,15,15727.0,2683.6496,0
1697862600000,0.1708,0.1713,0.1708,0.1713,14875.0,1697863499999,2545.6883,26,8682.0,1486.3485,0
1697863500000,0.1714,0.1715,0.1712,0.1712,9891.0,1697864399999,1694.7908,33,1116.0,191.179,0
1697864400000,0.1712,0.1716,0.1711,0.1714,1385.0,1697865299999,237.2961,13,1000.0,171.3642,0
1697865300000,0.1713,0.1716,0.1712,0.1716,5785.0,1697866199999,991.0659,12,1514.0,259.6746,0
1697866200000,0.1715,0.1718,0.1715,0.1716,24770.0,1697867099999,4251.9495,39,7752.0,1330.978,0
1697867100000,0.1715,0.1717,0.1714,0.1716,12534.0,1697867999999,2150.7353,19,10483.0,1798.8828,0
1697868000000,0.1716,0.172,0.1716,0.172,14921.0,1697868899999,2563.7839,22,9934.0,1707.3915,0
1697868900000,0.1721,0.1727,0.1721,0.1726,49227.0,1697869799999,8486.2561,74,24798.0,4274.942,0
1697869800000,0.1727,0.174,0.1727,0.1728,190579.0,1697870699999,33029.6284,312,73011.0,12656.7789,0
1697870700000,0.1729,0.1735,0.1729,0.1734,16179.0,1697871599999,2802.8772,35,7123.0,1234.126,0
1697871600000,0.1733,0.1733,0.1725,0.1725,19055.0,1697872499999,3293.0723,42,1414.0,244.3493,0
1697872500000,0.1725,0.1728,0.1725,0.1727,36584.0,1697873399999,6314.3165,35,13251.0,2286.4471,0
1697873400000,0.1727,0.1732,0.1727,0.1732,26983.0,1697874299999,4668.8684,46,20683.0,3579.5447,0
1697874300000,0.1732,0.1733,0.1728,0.173,21206.0,1697875199999,3669.6872,28,527.0,91.1007,0
1697875200000,0.173,0.173,0.1723,0.1728,23671.0,1697876099999,4086.6772,33,3754.0,648.0263,0
1697876100000,0.1726,0.1729,0.1726,0.1728,20483.0,1697876999999,3537.2218,23,831.0,143.633,0
1697877000000,0.1727,0.1728,0.1726,0.1726,2590.0,1697877899999,447.3384,17,915.0,158.0986,0
1697877900000,0.1726,0.1726,0.1723,0.1725,14112.0,1697878799999,2432.2891,19,270.0,46.575,0
1697878800000,0.1724,0.1727,0.1724,0.1725,9305.0,1697879699999,1605.6278,24,3582.0,618.2835,0
1697879700000,0.1725,0.1727,0.1719,0.1722,59264.0,1697880599999,10217.6727,69,5936.0,1023.8521,0
1697880600000,0.1722,0.1726,0.1721,0.1725,27659.0,1697881499999,4769.4233,40,19068.0,3288.2558,0
1697881500000,0.1728,0.173,0.1727,0.173,5051.0,1697882399999,873.4993,13,4412.0,763.0333,0
1697882400000,0.1731,0.1732,0.173,0.173,6331.0,1697883299999,1095.9364,22,2279.0,394.5648,0
1697883300000,0.1729,0.1735,0.1729,0.1733,99567.0,1697884199999,17252.4111,108,67364.0,11672.2095,0
1697884200000,0.1733,0.1742,0.1733,0.1742,96578.0,1697885099999,16783.55,130,65313.0,11347.8653,0
1697885100000,0.1742,0.1755,0.174,0.1744,216840.0,1697885999999,37853.1153,331,77652.0,13563.8721,0
1697886000000,0.1745,0.1747,0.1742,0.1744,26611.0,1697886899999,4642.9063,36,10929.0,1906.6719,0
1697886900000,0.1744,0.1748,0.1743,0.1746,76590.0,1697887799999,13362.9922,41,56899.0,9928.5904,0
1697887800000,0.1746,0.175,0.1744,0.1745,53066.0,1697888699999,9270.1673,71,14199.0,2482.9647,0
1697888700000,0.1745,0.1749,0.1745,0.1747,57772.0,1697889599999,10095.5442,51,45029.0,7868.5166,0
1697889600000,0.1748,0.1764,0.1743,0.1744,285204.0,1697890499999,49950.3419,322,173474.0,30401.4178,0
1697890500000,0.1745,0.1747,0.1743,0.1743,40965.0,1697891399999,7148.5373,45,30417.0,5308.4243,0
1697891400000,0.1744,0.1745,0.1741,0.1744,12198.0,1697892299999,2126.0163,27,4000.0,697.4407,0
1697892300000,0.1744,0.1744,0.1737,0.1737,22572.0,1697893199999,3927.6196,42,2177.0,378.6589,0
1697893200000,0.1737,0.1743,0.1737,0.174,30344.0,1697894099999,5278.1567,40,11060.0,1925.1997,0
1697894100000,0.1737,0.1741,0.1737,0.1741,15498.0,1697894999999,2693.2984,38,4430.0,770.2228,0
1697895000000,0.1741,0.1744,0.1738,0.1739,132959.0,1697895899999,23136.9791,114,65815.0,11456.9534,0
1697895900000,0.1739,0.1739,0.1734,0.1735,100055.0,1697896799999,17374.714,118,20079.0,3487.8799,0
1697896800000,0.1736,0.1737,0.1728,0.173,115767.0,1697897699999,20046.3797,130,11161.0,1931.977,0
1697897700000,0.1731,0.1735,0.1728,0.1732,38781.0,1697898599999,6713.2328,55,18392.0,3184.6183,0
1697898600000,0.1732,0.1732,0.1727,0.1732,11575.0,1697899499999,2001.9233,25,6254.0,1081.7898,0
1697899500000,0.1734,0.1737,0.1732,0.1733,35432.0,1697900399999,6146.099,43,21703.0,3763.6757,0
1697900400000,0.1733,0.1736,0.1726,0.1728,30420.0,1697901299999,5265.0308,50,21666.0,3749.8777,0
1697901300000,0.1728,0.1736,0.1727,0.1735,27828.0,1697902199999,4815.5585,50,19981.0,3456.804,0
1697902200000,0.1734,0.1736,0.1733,0.1735,9389.0,1697903099999,1628.4364,26,4465.0,774.696,0
1697903100000,0.1734,0.174,0.1734,0.174,6872.0,1697903999999,1192.3813,29,3265.0,566.8704,0
1697904000000,0.1739,0.1742,0.1736,0.1737,26452.0,1697904899999,4599.4927,72,6439.0,1120.1062,0
1697904900000,0.1737,0.174,0.1736,0.1739,11067.0,1697905799999,1922.7662,33,6207.0,1077.9177,0
1697905800000,0.1739,0.1742,0.1739,0.1741,1936.0,1697906699999,337.0348,5,1097.0,191.0575,0
1697906700000,0.1743,0.1743,0.1741,0.1741,6543.0,1697907599999,1139.1685,4,161.0,28.0623,0
1697907600000,0.1737,0.174,0.1734,0.174,17010.0,1697908499999,2954.111,28,8784.0,1526.3105,0
1697908500000,0.1737,0.1738,0.1735,0.1738,13583.0,1697909399999,2358.4597,27,1793.0,311.579,0
1697909400000,0.1739,0.1743,0.1739,0.1743,19572.0,1697910299999,3407.3592,40,14051.0,2445.7397,0
1697910300000,0.1744,0.1746,0.174,0.174,21706.0,1697911199999,3784.9299,42,19360.0,3376.4881,0
1697911200000,0.1741,0.1747,0.173,0.1731,123444.0,1697912099999,21430.1628,119,18158.0,3158.7585,0
1697912100000,0.1732,0.1737,0.1732,0.1735,21237.0,1697912999999,3685.1865,27,11294.0,1959.0913,0
1697913000000,0.1736,0.1736,0.173,0.1731,8774.0,1697913899999,1519.6626,11,2427.0,420.3952,0
1697913900000,0.173,0.1734,0.173,0.1734,13100.0,1697914799999,2268.1819,22,2156.0,373.2897,0
1697914800000,0.1734,0.1734,0.1727,0.1729,34509.0,1697915699999,5968.7311,42,9079.0,1570.9003,0
1697915700000,0.1728,0.173,0.1727,0.1728,9646.0,1697916599999,1667.7997,18,5765.0,996.7748,0
1697916600000,0.1727,0.1732,0.1727,0.1732,24751.0,1697917499999,4278.5645,14,22824.0,3945.7716,0
1697917500000,0.1732,0.1733,0.173,0.1731,43109.0,1697918399999,7465.3458,31,5532.0,958.3462,0
1697918400000,0.1732,0.1733,0.1729,0.1729,41697.0,1697919299999,7219.5311,49,23404.0,4052.8393,0
1697919300000,0.173,0.173,0.1722,0.1728,25278.0,1697920199999,4366.1811,68,8284.0,1431.2944,0
1697920200000,0.1727,0.1731,0.1724,0.1725,23035.0,1697921099999,3977.5071,39,2690.0,464.8511,0
1697921100000,0.1729,0.1729,0.1726,0.1727,24068.0,1697921999999,4157.7093,25,1183.0,204.3586,0
1697922000000,0.1727,0.173,0.1725,0.1729,23784.0,1697922899999,4108.8703,47,12653.0,2186.4058,0
1697922900000,0.173,0.1735,0.173,0.1734,24124.0,1697923799999,4182.2924,34,18515.0,3210.0154,0
1697923800000,0.1734,0.1734,0.1732,0.1732,16211.0,1697924699999,2809.8111,22,1306.0,226.4604,0
1697924700000,0.1731,0.1734,0.173,0.1734,25262.0,1697925599999,4373.647,31,8140.0,1410.7624,0
1697925600000,0.1734,0.1737,0.1734,0.1735,19225.0,1697926499999,3336.2342,37,13034.0,2261.9859,0
1697926500000,0.1736,0.1737,0.1732,0.1732,12379.0,1697927399999,2148.5191,55,6453.0,1120.4462,0
1697927400000,0.1732,0.1737,0.173,0.1736,45815.0,1697928299999,7939.0074,81,23781.0,4124.237,0
1697928300000,0.1737,0.1742,0.1737,0.1742,37793.0,1697929199999,6574.6951,71,24741.0,4306.1916,0
1697929200000,0.1741,0.1741,0.1737,0.1738,8091.0,1697930099999,1406.5213,26,5314.0,923.6118,0
1697930100000,0.1737,0.174,0.1734,0.1739,21493.0,1697930999999,3734.6266,46,13586.0,2360.8662,0
1697931000000,0.1737,0.1737,0.1731,0.1734,38077.0,1697931899999,6598.6819,38,2760.0,478.0833,0
1697931900000,0.1732,0.174,0.1732,0.1739,81338.0,1697932799999,14117.8952,80,74420.0,12915.7369,0
1697932800000,0.174,0.1742,0.1732,0.1742,109436.0,1697933699999,19031.2053,143,47221.0,8208.9173,0
1697933700000,0.174,0.1743,0.174,0.1742,16546.0,1697934599999,2881.28,30,13144.0,2288.7551,0
1697934600000,0.1742,0.1744,0.1738,0.1739,60377.0,1697935499999,10513.608,78,31379.0,5462.3713,0
1697935500000,0.1739,0.1748,0.1739,0.1744,56041.0,1697936399999,9772.2737,64,50913.0,8878.0906,0
1697936400000,0.1743,0.1748,0.1743,0.1748,30816.0,1697937299999,5384.0014,40,23743.0,4148.6902,0
1697937300000,0.1749,0.1751,0.1737,0.1738,169893.0,1697938199999,29600.2037,210,104962.0,18294.9051,0
1697938200000,0.1739,0.174,0.1732,0.1736,28059.0,1697939099999,4874.7995,47,13508.0,2347.8328,0
1697939100000,0.1738,0.1738,0.1737,0.1738,3977.0,1697939999999,690.9221,8,527.0,91.5504,0
1697940000000,0.1737,0.1737,0.1731,0.1731,29769.0,1697940899999,5165.7631,33,16194.0,2810.1226,0
1697940900000,0.173,0.173,0.1724,0.1725,19053.0,1697941799999,3291.9103,38,1631.0,281.7652,0
1697941800000,0.1725,0.1728,0.1723,0.1726,54382.0,1697942699999,9385.9478,74,27430.0,4735.9879,0
1697942700000,0.1726,0.1729,0.1724,0.1729,55519.0,1697943599999,9580.5079,69,19822.0,3422.4259,0
1697943600000,0.1728,0.1729,0.1725,0.1729,80775.0,1697944499999,13954.5728,74,36497.0,6306.0449,0
1697944500000,0.1729,0.173,0.1724,0.1725,44570.0,1697945399999,7700.249,56,18339.0,3170.5583,0
1697945400000,0.1725,0.1732,0.1724,0.1732,89755.0,1697946299999,15506.1888,71,43501.0,7509.4657,0
1697946300000,0.1731,0.1738,0.1728,0.1737,200745.0,1697947199999,34795.3292,207,125515.0,21752.654,0
1697947200000,0.1738,0.1746,0.1737,0.1746,82570.0,1697948099999,14382.3248,106,43156.0,7521.0671,0
1697948100000,0.1746,0.1748,0.1744,0.1748,45723.0,1697948999999,7982.9675,62,21446.0,3745.4642,0
1697949000000,0.1747,0.1751,0.1747,0.175,1673.0,1697949899999,292.6094,9,189.0,33.0632,0
1697949900000,0.1751,0.1752,0.1748,0.1748,26228.0,1697950799999,4591.5024,33,1052.0,184.1152,0
1697950800000,0.1748,0.1751,0.1747,0.175,18221.0,1697951699999,3187.7392,19,14129.0,2472.3329,0
1697951700000,0.1751,0.1755,0.1751,0.1755,24169.0,1697952599999,4237.9262,16,16710.0,2930.9852,0
1697952600000,0.1752,0.176,0.1752,0.1753,143940.0,1697953499999,25292.4785,127,103549.0,18199.9336,0
1697953500000,0.1753,0.1764,0.1751,0.1758,61031.0,1697954399999,10724.029,105,23492.0,4131.1075,0
1697954400000,0.1758,0.1762,0.1758,0.1758,7093.0,1697955299999,1248.2797,19,3434.0,604.7425,0
1697955300000,0.1757,0.1758,0.1747,0.1747,75715.0,1697956199999,13258.4935,66,14422.0,2529.6374,0
1697956200000,0.1749,0.1755,0.1749,0.1755,52047.0,1697957099999,9120.9708,39,42874.0,7513.1347,0
1697957100000,0.1755,0.1757,0.1752,0.1757,38631.0,1697957999999,6774.5489,47,18974.0,3327.4782,0
1697958000000,0.1755,0.1756,0.175,0.1752,94092.0,1697958899999,16495.6852,78,18922.0,3318.1379,0
1697958900000,0.1754,0.1754,0.175,0.175,22782.0,1697959799999,3993.745,29,1440.0,252.4924,0
1697959800000,0.1749,0.1749,0.1713,0.1725,132641.0,1697960699999,22905.9318,317,55101.0,9511.4098,0
1697960700000,0.1723,0.1732,0.1721,0.1731,28782.0,1697961599999,4971.3724,50,16186.0,2797.241,0
1697961600000,0.1729,0.1733,0.1727,0.173,24623.0,1697962499999,4260.5953,29,8543.0,1476.5134,0
1697962500000,0.1731,0.1731,0.1717,0.1718,47724.0,1697963399999,8216.6939,67,10138.0,1746.9834,0
1697963400000,0.1718,0.1723,0.1716,0.1723,55365.0,1697964299999,9513.8544,81,33016.0,5673.6984,0
1697964300000,0.1723,0.1725,0.1718,0.172,10669.0,1697965199999,1836.6706,39,5064.0,870.832,0
1697965200000,0.1717,0.1725,0.1717,0.1724,41382.0,1697966099999,7129.9281,53,16155.0,2783.9954,0
1697966100000,0.1725,0.1727,0.1724,0.1727,26767.0,1697966999999,4616.6859,34,4964.0,856.8644,0
1697967000000,0.1726,0.1729,0.1726,0.1727,12456.0,1697967899999,2150.9394,26,5009.0,865.5254,0
1697967900000,0.1726,0.1726,0.1723,0.1724,33638.0,1697968799999,5798.6763,43,11743.0,2025.2349,0
1697968800000,0.1724,0.1725,0.1723,0.1725,7174.0,1697969699999,1237.094,20,1778.0,306.6078,0
1697969700000,0.1725,0.1727,0.1724,0.1727,43981.0,1697970599999,7592.0956,30,40465.0,6985.6809,0
1697970600000,0.1727,0.1732,0.1727,0.1732,152483.0,1697971499999,26395.6222,108,76587.0,13256.7237,0
1697971500000,0.1731,0.1731,0.1729,0.1731,132591.0,1697972399999,22950.8003,35,15043.0,2603.2717,0
1697972400000,0.173,0.1731,0.1727,0.173,17258.0,1697973299999,2983.8192,37,8638.0,1494.6575,0
1697973300000,0.1728,0.1732,0.1728,0.1729,17570.0,1697974199999,3039.9738,28,10054.0,1739.2751,0
1697974200000,0.1728,0.1728,0.1721,0.1724,38266.0,1697975099999,6594.047,33,5246.0,903.6351,0
1697975100000,0.1726,0.1726,0.1718,0.1722,39188.0,1697975999999,6741.9611,49,22139.0,3808.2304,0
1697976000000,0.1723,0.1726,0.1723,0.1726,64519.0,1697976899999,11120.8823,54,19615.0,3381.7152,0
1697976900000,0.1727,0.173,0.1727,0.1729,44665.0,1697977799999,7722.6226,58,28039.0,4848.3701,0
1697977800000,0.1728,0.173,0.1725,0.1725,17390.0,1697978699999,3003.7316,35,5887.0,1017.1699,0
1697978700000,0.1725,0.1728,0.1724,0.1724,15733.0,1697979599999,2716.0519,25,6680.0,1153.0924,0
1697979600000,0.1727,0.1729,0.1727,0.1727,3108.0,1697980499999,537.0114,11,2565.0,443.1629,0
1697980500000,0.1727,0.1731,0.1725,0.1731,11317.0,1697981399999,1954.8557,34,4682.0,809.363,0
1697981400000,0.1729,0.1732,0.1726,0.1732,65045.0,1697982299999,11253.0259,60,44224.0,7650.0058,0
1697982300000,0.1732,0.1733,0.173,0.1733,29114.0,1697983199999,5040.0559,51,5963.0,1032.7322,0
1697983200000,0.1733,0.1741,0.1729,0.174,107041.0,1697984099999,18587.7796,120,78542.0,13641.037,0
1697984100000,0.174,0.174,0.1733,0.1735,66286.0,1697984999999,11511.6867,70,27068.0,4700.4715,0
1697985000000,0.1735,0.174,0.1735,0.174,33441.0,1697985899999,5811.6388,35,19576.0,3403.2881,0
1697985900000,0.174,0.174,0.1732,0.1733,44097.0,1697986799999,7650.0256,48,10133.0,1757.354,0
1697986800000,0.1733,0.1733,0.1727,0.1732,26969.0,1697987699999,4665.4179,39,9998.0,1729.7927,0
1697987700000,0.1732,0.1741,0.1732,0.1738,58469.0,1697988599999,10152.1548,69,33997.0,5901.4963,0
1697988600000,0.174,0.1767,0.174,0.1753,841097.0,1697989499999,147671.1743,1218,398799.0,70020.7994,0
1697989500000,0.1753,0.1769,0.175,0.1755,506494.0,1697990399999,89076.3472,562,218697.0,38466.2868,0
1697990400000,0.1754,0.1762,0.1752,0.1762,145326.0,1697991299999,25533.9763,149,62203.0,10931.0538,0
1697991300000,0.1762,0.1769,0.176,0.1766,176855.0,1697992199999,31225.7647,225,53079.0,9375.29,0
1697992200000,0.1765,0.1768,0.1761,0.1762,149394.0,1697993099999,26364.0897,149,31470.0,5553.9478,0
1697993100000,0.1763,0.1764,0.176,0.1763,120468.0,1697993999999,21222.9238,151,25070.0,4417.7383,0
1697994000000,0.1762,0.1767,0.176,0.1767,150980.0,1697994899999,26615.4215,143,97773.0,17244.0385,0
1697994900000,0.1767,0.1767,0.1764,0.1767,15093.0,1697995799999,2664.9506,32,7430.0,1312.1355,0
1697995800000,0.1768,0.1772,0.1764,0.177,41695.0,1697996699999,7378.8893,81,21965.0,3888.3559,0
1697996700000,0.1771,0.1777,0.1769,0.1772,112124.0,1697997599999,19878.2717,133,83316.0,14772.1706,0
1697997600000,0.1771,0.1777,0.177,0.1774,26363.0,1697998499999,4675.9279,82,10647.0,1887.9676,0
1697998500000,0.1774,0.1775,0.1769,0.1773,62553.0,1697999399999,11094.1536,89,34042.0,6036.3954,0
1697999400000,0.1773,0.1774,0.1771,0.1773,30085.0,1698000299999,5333.3766,37,7407.0,1313.8743,0
1698000300000,0.1774,0.1785,0.1772,0.1784,225857.0,1698001199999,40198.9058,345,177090.0,31526.044,0
1698001200000,0.1784,0.1788,0.1778,0.1778,198859.0,1698002099999,35496.3772,277,110029.0,19642.8635,0
1698002100000,0.1778,0.1788,0.1778,0.1785,88833.0,1698002999999,15839.8338,120,34665.0,6179.3597,0
1698003000000,0.1785,0.1785,0.1781,0.1783,26285.0,1698003899999,4686.6497,35,16817.0,2998.1205,0
1698003900000,0.1782,0.1782,0.1773,0.1775,160826.0,1698004799999,28567.7768,127,13356.0,2371.6413,0
1698004800000,0.1775,0.1776,0.1772,0.1775,17068.0,1698005699999,3027.1572,35,3402.0,603.6997,0
1698005700000,0.1775,0.1775,0.1771,0.1772,41897.0,1698006599999,7427.4049,53,7079.0,1255.1136,0
1698006600000,0.1774,0.1779,0.1774,0.1778,75854.0,1698007499999,13473.3334,117,31286.0,5556.1295,0
1698007500000,0.1777,0.1779,0.1776,0.1778,93690.0,1698008399999,16646.8744,88,15438.0,2743.9257,0
1698008400000,0.1777,0.1779,0.1769,0.1769,75642.0,1698009299999,13434.2605,96,24187.0,4298.8022,0
1698009300000,0.1769,0.177,0.1766,0.177,43770.0,1698010199999,7736.9308,85,28417.0,5023.436,0
1698010200000,0.1769,0.1777,0.1769,0.1774,92030.0,1698011099999,16313.1808,113,65613.0,11629.4528,0
1698011100000,0.1774,0.1777,0.1773,0.1773,40311.0,1698011999999,7159.9338,102,26221.0,4657.9001,0
1698012000000,0.1773,0.1775,0.177,0.1775,116664.0,1698012899999,20682.0391,104,85334.0,15128.9493,0
1698012900000,0.1775,0.1785,0.1775,0.1783,88837.0,1698013799999,15811.4493,84,76233.0,13564.5277,0
1698013800000,0.1782,0.18,0.1779,0.1797,112040.0,1698014699999,20049.3642,249,62319.0,11163.2882,0
1698014700000,0.1798,0.18,0.1791,0.1799,41039.0,1698015599999,7369.1015,88,23203.0,4167.6583,0
1698015600000,0.18,0.1805,0.1796,0.1804,101007.0,1698016499999,18184.8579,140,56508.0,10178.0044,0
1698016500000,0.1802,0.1805,0.1796,0.1801,85821.0,1698017399999,15450.7245,123,34053.0,6134.6366,0
1698017400000,0.1802,0.1807,0.18,0.1806,26457.0,1698018299999,4775.6248,54,15332.0,2767.9581,0
1698018300000,0.1805,0.1805,0.1801,0.1802,62989.0,1698019199999,11354.7809,82,22802.0,4109.9361,0
1698019200000,0.1803,0.1817,0.1798,0.1817,259216.0,1698020099999,46883.9197,409,140929.0,25486.6831,0
1698020100000,0.1814,0.1819,0.1793,0.1806,256379.0,1698020999999,46224.3892,327,133079.0,24000.6851,0
1698021000000,0.1806,0.1806,0.18,0.1806,52677.0,1698021899999,9496.497,96,36845.0,6642.2494,0
1698021900000,0.1806,0.183,0.1805,0.1825,282598.0,1698022799999,51392.6467,399,186704.0,33969.6775,0
1698022800000,0.1824,0.1831,0.1818,0.1828,133302.0,1698023699999,24324.6353,171,85307.0,15568.3333,0
1698023700000,0.183,0.1834,0.1823,0.1823,93461.0,1698024599999,17093.2393,134,31789.0,5816.2196,0
1698024600000,0.1824,0.1828,0.1808,0.1815,237738.0,1698025499999,43133.5676,256,96870.0,17579.9579,0
1698025500000,0.1815,0.1815,0.1806,0.1806,79254.0,1698026399999,14334.8989,121,16038.0,2900.0583,0
1698026400000,0.1807,0.1809,0.1795,0.1802,151927.0,1698027299999,27356.6642,164,44708.0,8047.6279,0
1698027300000,0.1801,0.1809,0.1801,0.1808,171580.0,1698028199999,30970.8369,145,55659.0,10047.2747,0
1698028200000,0.1808,0.1819,0.1806,0.1812,127855.0,1698029099999,23175.8404,150,56440.0,10232.7173,0
1698029100000,0.1812,0.1815,0.1807,0.1811,78941.0,1698029999999,14292.2891,67,51732.0,9366.9665,0
1698030000000,0.1811,0.1813,0.1798,0.1798,94364.0,1698030899999,17030.2229,107,12059.0,2181.9792,0
1698030900000,0.1798,0.1806,0.1797,0.1805,62423.0,1698031799999,11235.7981,71,31777.0,5718.0605,0
1698031800000,0.1805,0.1805,0.1797,0.1799,82830.0,1698032699999,14899.478,93,17588.0,3163.7261,0
1698032700000,0.1799,0.1806,0.1793,0.1798,265665.0,1698033599999,47720.2972,190,143677.0,25803.2683,0
1698033600000,0.18,0.1805,0.179,0.1794,352809.0,1698034499999,63295.7164,198,24193.0,4353.5234,0
1698034500000,0.1793,0.18,0.1793,0.18,55631.0,1698035399999,9988.7002,65,35566.0,6387.5053,0
1698035400000,0.18,0.1802,0.1798,0.1798,32771.0,1698036299999,5899.1079,39,23585.0,4246.2326,0
1698036300000,0.18,0.1805,0.1799,0.18,57528.0,1698037199999,10359.3855,67,22418.0,4037.8042,0
1698037200000,0.18,0.1802,0.1793,0.1802,31408.0,1698038099999,5643.748,47,11285.0,2029.5543,0
1698038100000,0.1801,0.1801,0.1789,0.1793,54764.0,1698038999999,9830.7376,92,16035.0,2878.6443,0
1698039000000,0.1791,0.1797,0.179,0.1795,60902.0,1698039899999,10933.6163,76,42549.0,7640.0842,0
1698039900000,0.1792,0.1795,0.1789,0.179,63331.0,1698040799999,11356.3166,70,39290.0,7047.254,0
1698040800000,0.179,0.18,0.1788,0.1793,49140.0,1698041699999,8820.8219,67,26002.0,4668.7835,0
1698041700000,0.1794,0.1795,0.1784,0.1785,67955.0,1698042599999,12168.0641,88,39157.0,7019.0587,0
1698042600000,0.1786,0.1787,0.1778,0.178,37978.0,1698043499999,6771.7676,92,18935.0,3377.2965,0
1698043500000,0.1781,0.1783,0.177,0.1771,126252.0,1698044399999,22433.0782,146,65343.0,11610.133,0
1698044400000,0.1771,0.1771,0.1765,0.1765,71426.0,1698045299999,12618.7873,124,16732.0,2958.0238,0
1698045300000,0.1765,0.1773,0.1765,0.1772,23118.0,1698046199999,4090.7918,52,19038.0,3367.8487,0
1698046200000,0.1772,0.1776,0.1772,0.1775,23451.0,1698047099999,4159.9017,53,10614.0,1883.1684,0
1698047100000,0.1775,0.1777,0.1756,0.1767,240788.0,1698047999999,42506.7052,233,188653.0,33296.8219,0
1698048000000,0.1766,0.1773,0.1763,0.1772,97033.0,1698048899999,17171.5452,90,74769.0,13231.8505,0
1698048900000,0.1771,0.1777,0.1769,0.1777,90336.0,1698049799999,16003.5927,113,31232.0,5532.8538,0
1698049800000,0.1777,0.178,0.1773,0.1778,96716.0,1698050699999,17200.3937,109,68768.0,12233.0122,0
1698050700000,0.1778,0.1788,0.1777,0.1787,16399.0,1698051599999,2926.9964,49,9895.0,1768.1944,0
1698051600000,0.1786,0.179,0.1782,0.1787,25875.0,1698052499999,4620.4173,44,10890.0,1945.7674,0
1698052500000,0.1786,0.1793,0.1781,0.1782,72267.0,1698053399999,12923.2434,108,28429.0,5084.5344,0
1698053400000,0.1781,0.1782,0.177,0.177,173624.0,1698054299999,30854.2938,225,76662.0,13632.8238,0
1698054300000,0.177,0.1774,0.1759,0.1772,142537.0,1698055199999,25188.0877,194,98027.0,17320.3185,0
1698055200000,0.1775,0.1779,0.1773,0.1778,40797.0,1698056099999,7241.5481,50,9479.0,1683.3703,0
1698056100000,0.178,0.1785,0.1779,0.1782,42619.0,1698056999999,7591.2939,43,13687.0,2440.6164,0
1698057000000,0.1783,0.1787,0.1783,0.1786,21841.0,1698057899999,3897.4465,38,7850.0,1400.9136,0
1698057900000,0.1787,0.1798,0.1786,0.1797,194524.0,1698058799999,34879.3397,153,150787.0,27054.4558,0
1698058800000,0.1797,0.1804,0.1794,0.1798,143572.0,1698059699999,25837.4942,185,86018.0,15486.7641,0
1698059700000,0.1798,0.1807,0.1797,0.1805,132263.0,1698060599999,23861.1568,175,88977.0,16049.5714,0
1698060600000,0.1804,0.1805,0.18,0.1801,179416.0,1698061499999,32316.0455,91,24171.0,4352.2779,0
1698061500000,0.18,0.1803,0.1797,0.1797,27266.0,1698062399999,4909.5148,44,23236.0,4184.4038,0
1698062400000,0.1798,0.1798,0.1792,0.1794,50803.0,1698063299999,9121.0398,47,20082.0,3605.2545,0
1698063300000,0.1793,0.18,0.1793,0.1797,37129.0,1698064199999,6671.7592,41,24016.0,4316.9495,0
1698064200000,0.1797,0.1806,0.1796,0.1804,69581.0,1698065099999,12544.5679,91,55979.0,10094.3855,0
1698065100000,0.1804,0.1821,0.1804,0.1819,316590.0,1698065999999,57400.9237,255,246050.0,44606.6556,0
1698066000000,0.1818,0.1818,0.1809,0.1809,231034.0,1698066899999,41874.1867,210,104345.0,18907.225,0
1698066900000,0.1809,0.1816,0.1804,0.1804,343419.0,1698067799999,62197.1842,258,121144.0,21944.5632,0
1698067800000,0.1803,0.1803,0.1788,0.1794,160991.0,1698068699999,28876.3206,145,82816.0,14849.1135,0
1698068700000,0.1795,0.1805,0.1795,0.18,83146.0,1698069599999,14972.3301,94,56803.0,10226.6557,0
1698069600000,0.1802,0.1809,0.1799,0.1806,38534.0,1698070499999,6959.5009,63,24807.0,4483.5439,0
1698070500000,0.1807,0.181,0.1806,0.1806,31949.0,1698071399999,5774.4767,31,4715.0,852.4267,0
1698071400000,0.1806,0.1806,0.1799,0.1802,25385.0,1698072299999,4572.5958,43,11917.0,2146.476,0
1698072300000,0.1802,0.181,0.1801,0.1808,68068.0,1698073199999,12298.2428,73,31042.0,5607.7133,0
1698073200000,0.1808,0.1809,0.1802,0.1806,32721.0,1698074099999,5909.3892,37,10199.0,1841.2474,0
1698074100000,0.1806,0.1806,0.1799,0.1802,75258.0,1698074999999,13559.938,66,12970.0,2338.1136,0
1698075000000,0.1803,0.1803,0.1796,0.1796,28325.0,1698075899999,5099.9706,30,10910.0,1962.6048,0
1698075900000,0.1798,0.1803,0.1797,0.1798,37007.0,1698076799999,6660.1084,57,13608.0,2448.1248,0
1698076800000,0.1797,0.1804,0.1796,0.18,55600.0,1698077699999,10013.3723,66,24364.0,4388.2579,0
1698077700000,0.1802,0.1806,0.1798,0.1799,20884.0,1698078599999,3764.1596,42,9514.0,1715.9225,0
1698078600000,0.1802,0.1809,0.1798,0.1808,54315.0,1698079499999,9804.1042,99,30860.0,5569.4983,0
1698079500000,0.1808,0.1817,0.1806,0.1813,243315.0,1698080399999,44098.745,185,151718.0,27495.8799,0
1698080400000,0.1812,0.1814,0.1806,0.1814,70950.0,1698081299999,12845.1789,96,29014.0,5256.3584,0
1698081300000,0.1814,0.1814,0.1795,0.1801,213484.0,1698082199999,38510.8651,327,71048.0,12826.8606,0
1698082200000,0.1801,0.1808,0.1798,0.1806,19455.0,1698083099999,3505.2008,54,7372.0,1328.3303,0
1698083100000,0.1806,0.1812,0.1805,0.1807,33776.0,1698083999999,6109.4373,63,17185.0,3109.1834,0
1698084000000,0.1806,0.1814,0.1806,0.1814,46955.0,1698084899999,8504.9444,57,32643.0,5913.9199,0
1698084900000,0.1812,0.1812,0.1805,0.1805,7993.0,1698085799999,1445.0588,16,1134.0,204.9945,0
1698085800000,0.1805,0.1806,0.1794,0.18,83633.0,1698086699999,15037.2053,116,12647.0,2275.5439,0
1698086700000,0.18,0.1813,0.1797,0.1813,71811.0,1698087599999,12966.7589,128,45213.0,8170.2728,0
1698087600000,0.1814,0.1823,0.1814,0.1823,69526.0,1698088499999,12643.1184,109,42786.0,7780.39,0
1698088500000,0.1822,0.1822,0.1815,0.1816,53040.0,1698089399999,9650.1457,57,19582.0,3563.0322,0
1698089400000,0.1815,0.182,0.1812,0.182,31821.0,1698090299999,5774.3954,38,14896.0,2706.5051,0
1698090300000,0.1819,0.1826,0.1819,0.1825,13840.0,1698091199999,2523.5468,38,11121.0,2028.547,0
1698091200000,0.1822,0.1824,0.1816,0.1817,41429.0,1698092099999,7535.0597,66,5658.0,1031.33,0
1698092100000,0.1817,0.1826,0.1817,0.1819,3347.0,1698092999999,610.1706,11,2747.0,500.866,0
1698093000000,0.182,0.1828,0.182,0.1822,35976.0,1698093899999,6563.2443,42,9835.0,1794.9685,0
1698093900000,0.1822,0.1822,0.1811,0.1814,135505.0,1698094799999,24641.4861,54,13203.0,2399.1485,0
1698094800000,0.1814,0.1821,0.1813,0.1816,12041.0,1698095699999,2187.3811,20,10018.0,1820.1273,0
1698095700000,0.1815,0.1821,0.1813,0.182,37197.0,1698096599999,6760.6206,26,20248.0,3681.0736,0
1698096600000,0.1818,0.1824,0.1818,0.1822,47393.0,1698097499999,8626.925,37,19497.0,3548.3331,0
1698097500000,0.1824,0.1828,0.1822,0.1828,19105.0,1698098399999,3487.8386,22,15686.0,2864.5818,0
1698098400000,0.1827,0.1835,0.1827,0.1832,11493.0,1698099299999,2105.0982,43,8311.0,1522.4504,0
1698099300000,0.1833,0.1838,0.1826,0.1838,46549.0,1698100199999,8519.1886,61,16656.0,3054.4032,0
1698100200000,0.1838,0.1885,0.1834,0.1863,592991.0,1698101099999,110552.7978,812,292009.0,54417.9694,0
1698101100000,0.1863,0.1881,0.1846,0.1875,361407.0,1698101999999,67289.8243,488,205844.0,38322.0271,0
1698102000000,0.1876,0.1888,0.1841,0.1859,147260.0,1698102899999,27449.3006,243,67953.0,12678.1224,0
1698102900000,0.1859,0.1871,0.1859,0.1869,81095.0,1698103799999,15134.7381,124,28186.0,5259.6177,0
1698103800000,0.187,0.1872,0.1856,0.1859,75635.0,1698104699999,14076.3435,106,30312.0,5639.1608,0
1698104700000,0.1859,0.1875,0.1859,0.1875,43343.0,1698105599999,8081.6849,59,26411.0,4922.8279,0
1698105600000,0.1872,0.1879,0.1861,0.1865,91328.0,1698106499999,17105.4549,207,32993.0,6176.9609,0
1698106500000,0.1865,0.1877,0.1859,0.1877,136360.0,1698107399999,25474.3054,218,34643.0,6474.5924,0
1698107400000,0.1879,0.1889,0.1875,0.1887,89044.0,1698108299999,16772.7504,196,47996.0,9046.539,0
1698108300000,0.1887,0.1896,0.1885,0.1888,83098.0,1698109199999,15723.6004,191,23833.0,4508.2083,0
1698109200000,0.1888,0.189,0.1881,0.1883,217480.0,1698110099999,41031.8778,189,152619.0,28803.2534,0
1698110100000,0.1883,0.189,0.1877,0.1877,41909.0,1698110999999,7897.9052,65,33116.0,6242.0088,0
1698111000000,0.1878,0.188,0.1869,0.1878,105471.0,1698111899999,19780.4004,124,72157.0,13544.5561,0
1698111900000,0.1878,0.1884,0.1877,0.1884,42288.0,1698112799999,7947.9544,77,18134.0,3407.7881,0
1698112800000,0.1884,0.1892,0.1874,0.1881,225213.0,1698113699999,42394.248,219,67708.0,12774.1874,0
1698113700000,0.1882,0.1899,0.1882,0.1887,157109.0,1698114599999,29724.179,207,45421.0,8588.0862,0
1698114600000,0.1889,0.1898,0.1882,0.1896,134025.0,1698115499999,25323.0965,116,28624.0,5417.0369,0
1698115500000,0.1896,0.1905,0.1893,0.1898,162465.0,1698116399999,30864.8978,200,96752.0,18380.4195,0
1698116400000,0.1897,0.1899,0.1889,0.1894,47330.0,1698117299999,8961.9452,89,27360.0,5181.6208,0
1698117300000,0.1893,0.1893,0.1887,0.1888,112290.0,1698118199999,21234.0105,85,86705.0,16400.4159,0
1698118200000,0.1889,0.1889,0.1875,0.1876,117305.0,1698119099999,22061.7454,178,37267.0,7009.9849,0
1698119100000,0.1876,0.1878,0.1855,0.1856,266854.0,1698119999999,49862.405,257,37040.0,6929.3299,0
1698120000000,0.1856,0.1869,0.1856,0.1868,115694.0,1698120899999,21567.5611,113,46109.0,8589.1282,0
1698120900000,0.187,0.1876,0.1869,0.1874,184196.0,1698121799999,34517.9602,144,45691.0,8563.4396,0
1698121800000,0.1875,0.1877,0.1862,0.1863,82656.0,1698122699999,15437.5512,92,18983.0,3550.099,0
1698122700000,0.1862,0.1866,0.1858,0.1865,106668.0,1698123599999,19878.3518,114,15663.0,2917.1776,0
1698123600000,0.1865,0.187,0.1864,0.1867,71316.0,1698124499999,13307.4355,82,15852.0,2958.9326,0
1698124500000,0.1867,0.1878,0.1866,0.1878,40959.0,1698125399999,7673.0669,40,31672.0,5937.1398,0
1698125400000,0.1879,0.1879,0.1865,0.1867,47053.0,1698126299999,8807.0698,71,10858.0,2032.5017,0
1698126300000,0.1867,0.1867,0.1839,0.1842,275465.0,1698127199999,51028.1937,361,46736.0,8642.2032,0
1698127200000,0.1842,0.1851,0.184,0.1846,144504.0,1698128099999,26690.6501,154,67289.0,12421.6832,0
1698128100000,0.1848,0.1849,0.181,0.1816,238433.0,1698128999999,43536.2301,473,46471.0,8480.1011,0
1698129000000,0.1817,0.1828,0.1807,0.1826,164794.0,1698129899999,30003.5421,239,86516.0,15751.9473,0
1698129900000,0.1827,0.1833,0.1826,0.1828,142360.0,1698130799999,26045.9357,110,65485.0,11977.5412,0
1698130800000,0.1829,0.183,0.1813,0.1816,159516.0,1698131699999,28960.0382,182,40472.0,7352.3681,0
1698131700000,0.1816,0.1824,0.181,0.1811,121647.0,1698132599999,22105.1503,109,53402.0,9715.2128,0
1698132600000,0.1811,0.1824,0.181,0.1821,174877.0,1698133499999,31737.2538,178,100979.0,18337.2096,0
1698133500000,0.1823,0.1833,0.1823,0.1831,269805.0,1698134399999,49330.1512,166,213223.0,38975.9457,0
1698134400000,0.183,0.1839,0.1827,0.1839,194655.0,1698135299999,35693.6974,167,61831.0,11334.9875,0
1698135300000,0.1839,0.1839,0.1831,0.1837,104444.0,1698136199999,19164.9254,127,17410.0,3193.9536,0
1698136200000,0.1837,0.184,0.1833,0.1837,117615.0,1698137099999,21611.3815,123,23195.0,4262.6282,0
1698137100000,0.1839,0.1843,0.1837,0.1842,192647.0,1698137999999,35432.301,176,63646.0,11710.7915,0
1698138000000,0.1843,0.1844,0.1834,0.1843,152536.0,1698138899999,28058.9343,155,51466.0,9468.9846,0
1698138900000,0.1844,0.1847,0.1838,0.1847,144070.0,1698139799999,26559.9273,134,16262.0,2997.0897,0
1698139800000,0.1846,0.1853,0.1843,0.185,98248.0,1698140699999,18136.5746,149,16778.0,3100.963,0
1698140700000,0.185,0.1854,0.1847,0.1847,97971.0,1698141599999,18129.0744,137,25293.0,4681.7855,0
1698141600000,0.1849,0.1857,0.1847,0.1848,31168.0,1698142499999,5774.2843,71,17419.0,3228.1631,0
1698142500000,0.1848,0.1859,0.1848,0.1858,103786.0,1698143399999,19252.4829,98,82711.0,15347.0977,0
1698143400000,0.1858,0.1861,0.1853,0.1859,42019.0,1698144299999,7802.6212,75,11746.0,2181.53,0
1698144300000,0.186,0.1862,0.1855,0.186,99148.0,1698145199999,18415.1325,106,22241.0,4136.3743,0
1698145200000,0.186,0.1865,0.1856,0.1864,96373.0,1698146099999,17917.249,143,39121.0,7277.2597,0
1698146100000,0.1863,0.1866,0.1857,0.1863,136892.0,1698146999999,25480.2374,162,62850.0,11701.6549,0
1698147000000,0.1864,0.1871,0.186,0.1862,88707.0,1698147899999,16543.7958,151,44704.0,8337.7117,0
1698147900000,0.1862,0.1872,0.186,0.1872,60344.0,1698148799999,11274.4549,108,43405.0,8111.3695,0
1698148800000,0.1872,0.1877,0.187,0.1876,230754.0,1698149699999,43283.4084,159,20823.0,3903.9782,0
1698149700000,0.1875,0.1879,0.1869,0.1878,134617.0,1698150599999,25252.0596,209,38199.0,7165.551,0
1698150600000,0.1878,0.1891,0.1877,0.1891,127339.0,1698151499999,23983.8239,247,70613.0,13306.1017,0
1698151500000,0.189,0.1896,0.1888,0.1889,164131.0,1698152399999,31063.5573,261,74487.0,14103.5918,0
1698152400000,0.1888,0.1899,0.1864,0.1873,257032.0,1698153299999,48389.5846,573,133123.0,25084.4302,0
1698153300000,0.1875,0.188,0.1869,0.1879,92529.0,1698154199999,17356.9887,125,41441.0,7776.2835,0
1698154200000,0.1878,0.1882,0.1876,0.1881,78450.0,1698155099999,14747.675,105,26503.0,4984.2683,0
1698155100000,0.1881,0.1881,0.187,0.188,45699.0,1698155999999,8572.1995,89,13992.0,2625.8813,0
1698156000000,0.1882,0.1883,0.1868,0.1868,90604.0,1698156899999,16992.929,130,37399.0,7018.0709,0
1698156900000,0.1869,0.1871,0.1849,0.1858,80252.0,1698157799999,14902.7454,171,26653.0,4951.9149,0
1698157800000,0.1858,0.1864,0.1856,0.1864,90185.0,1698158699999,16785.3708,121,46751.0,8700.4412,0
1698158700000,0.1865,0.1876,0.1865,0.1874,17726.0,1698159599999,3315.3046,49,3789.0,707.8384,0
1698159600000,0.1874,0.1881,0.1872,0.1873,83446.0,1698160499999,15652.0801,85,72869.0,13668.0221,0
1698160500000,0.1874,0.1875,0.182,0.1825,272920.0,1698161399999,50259.7634,563,92021.0,16936.8609,0
1698161400000,0.1821,0.183,0.1784,0.1802,886721.0,1698162299999,160164.4063,1313,472572.0,85425.7717,0
1698162300000,0.18,0.1822,0.1799,0.1811,140238.0,1698163199999,25422.1521,192,97856.0,17738.7915,0
1698163200000,0.1815,0.1825,0.1795,0.1824,141708.0,1698164099999,25650.1062,196,60298.0,10914.4911,0
1698164100000,0.1823,0.1837,0.1819,0.1823,107585.0,1698164999999,19650.1053,135,38112.0,6979.3357,0
1698165000000,0.1823,0.1847,0.1823,0.1836,91463.0,1698165899999,16809.9526,139,27057.0,4976.4708,0
1698165900000,0.1831,0.1842,0.1831,0.1831,43322.0,1698166799999,7962.1491,47,9374.0,1723.88,0
1698166800000,0.1833,0.1845,0.1833,0.1836,50469.0,1698167699999,9289.2835,53,5279.0,971.3467,0
1698167700000,0.1834,0.1847,0.1834,0.1847,20593.0,1698168599999,3791.1816,31,9770.0,1800.7602,0
1698168600000,0.1845,0.1845,0.1839,0.1842,15372.0,1698169499999,2831.21,23,6205.0,1142.1577,0
1698169500000,0.1841,0.1844,0.1836,0.1836,28443.0,1698170399999,5235.9402,32,6117.0,1126.0833,0
1698170400000,0.1837,0.184,0.1829,0.1831,78534.0,1698171299999,14430.2024,73,65187.0,11981.9518,0
1698171300000,0.1833,0.1833,0.1818,0.1824,34127.0,1698172199999,6218.5106,61,10282.0,1873.3311,0
1698172200000,0.1824,0.1839,0.1824,0.1837,36670.0,1698173099999,6724.2169,38,13191.0,2415.7069,0
1698173100000,0.1842,0.1847,0.184,0.1847,38083.0,1698173999999,7019.7379,48,8958.0,1651.6802,0
1698174000000,0.1846,0.1852,0.1846,0.185,26351.0,1698174899999,4869.7741,49,7721.0,1427.3063,0
1698174900000,0.1848,0.1852,0.1843,0.1848,18976.0,1698175799999,3506.8711,38,6475.0,1197.511,0
1698175800000,0.1849,0.1855,0.1849,0.1853,48121.0,1698176699999,8918.5235,65,23691.0,4391.1921,0
1698176700000,0.1854,0.1857,0.1847,0.1848,26747.0,1698177599999,4949.7845,35,3865.0,715.3796,0
1698177600000,0.1847,0.1855,0.1841,0.1849,92294.0,1698178499999,17046.4699,115,31623.0,5840.2792,0
1698178500000,0.1849,0.1852,0.1844,0.1847,37124.0,1698179399999,6858.5382,36,11668.0,2156.4931,0
1698179400000,0.1846,0.1847,0.184,0.184,8562.0,1698180299999,1580.0377,17,954.0,176.0799,0
1698180300000,0.1841,0.1841,0.1827,0.1832,91810.0,1698181199999,16817.1379,84,8335.0,1532.6443,0
1698181200000,0.1831,0.1834,0.1821,0.1826,26575.0,1698182099999,4853.728,55,6952.0,1271.2849,0
1698182100000,0.183,0.1837,0.1827,0.1836,35301.0,1698182999999,6470.1944,38,22559.0,4132.3224,0
1698183000000,0.1838,0.1842,0.1831,0.1836,17393.0,1698183899999,3192.6697,34,3950.0,726.3295,0
1698183900000,0.1837,0.1859,0.1835,0.1858,77075.0,1698184799999,14254.8141,111,53866.0,9970.0743,0
1698184800000,0.1855,0.1862,0.1849,0.186,74412.0,1698185699999,13829.3356,71,65874.0,12245.4345,0
1698185700000,0.1859,0.1869,0.1856,0.1865,21517.0,1698186599999,4004.5456,56,11716.0,2182.2809,0
1698186600000,0.1867,0.1869,0.1864,0.1868,25481.0,1698187499999,4758.7995,31,19513.0,3644.0315,0
1698187500000,0.1868,0.1874,0.1867,0.1872,26295.0,1698188399999,4916.8176,58,16364.0,3061.007,0
1698188400000,0.1872,0.1874,0.1868,0.1872,76607.0,1698189299999,14334.9086,80,5580.0,1044.9013,0
1698189300000,0.1872,0.1872,0.1855,0.1855,247908.0,1698190199999,46186.145,127,7986.0,1485.102,0
1698190200000,0.1854,0.186,0.1851,0.186,32661.0,1698191099999,6060.875,42,28962.0,5375.2252,0
1698191100000,0.186,0.1863,0.1858,0.1861,12057.0,1698191999999,2243.1132,26,3629.0,675.5017,0
1698192000000,0.186,0.186,0.1851,0.1851,75247.0,1698192899999,13954.6508,86,11314.0,2101.3092,0
1698192900000,0.1853,0.1862,0.1852,0.1852,37261.0,1698193799999,6928.6404,37,14967.0,2784.8887,0
1698193800000,0.1853,0.1859,0.1849,0.1857,48085.0,1698194699999,8924.8786,72,18843.0,3494.8624,0
1698194700000,0.1858,0.1878,0.1858,0.1877,129652.0,1698195599999,24231.595,163,65951.0,12319.7169,0
1698195600000,0.1876,0.1882,0.1875,0.1882,100937.0,1698196499999,18955.6323,110,20283.0,3808.257,0
1698196500000,0.1881,0.1887,0.1875,0.1886,60391.0,1698197399999,11354.6891,120,24536.0,4616.4053,0
1698197400000,0.1887,0.1887,0.1875,0.1878,84269.0,1698198299999,15846.1339,91,3554.0,668.0017,0
1698198300000,0.1878,0.1878,0.1867,0.1873,118246.0,1698199199999,22118.8932,79,15955.0,2990.5984,0
1698199200000,0.1872,0.1872,0.1865,0.1866,28237.0,1698200099999,5273.6361,40,21433.0,4002.4976,0
1698200100000,0.1865,0.1867,0.1853,0.1856,54202.0,1698200999999,10071.0039,93,24517.0,4556.8556,0
1698201000000,0.1855,0.1868,0.1855,0.1863,49580.0,1698201899999,9238.6419,63,39592.0,7377.1718,0
1698201900000,0.1864,0.1866,0.1863,0.1863,54974.0,1698202799999,10248.2549,54,8724.0,1626.8208,0
1698202800000,0.1864,0.1865,0.1855,0.186,17458.0,1698203699999,3249.7925,30,3000.0,557.9732,0
1698203700000,0.1861,0.1862,0.1848,0.1851,64845.0,1698204599999,11998.1577,99,7552.0,1398.628,0
1698204600000,0.1852,0.1857,0.185,0.1856,35826.0,1698205499999,6636.8312,127,26871.0,4978.6614,0
1698205500000,0.1856,0.1858,0.185,0.1852,7645.0,1698206399999,1415.7133,15,672.0,124.5322,0
1698206400000,0.1853,0.1856,0.1851,0.1854,12464.0,1698207299999,2308.8585,16,6730.0,1247.1359,0
1698207300000,0.1853,0.1858,0.185,0.1858,15720.0,1698208199999,2914.8328,20,9299.0,1723.6476,0
1698208200000,0.1861,0.1862,0.1858,0.1858,16758.0,1698209099999,3116.1942,25,11530.0,2144.0332,0
1698209100000,0.1859,0.1869,0.1859,0.1869,24601.0,1698209999999,4585.005,52,14883.0,2775.1079,0
1698210000000,0.1868,0.1869,0.1863,0.1866,66309.0,1698210899999,12374.6976,83,22190.0,4140.0157,0
1698210900000,0.1867,0.1867,0.1855,0.1856,33069.0,1698211799999,6153.3496,58,22279.0,4146.127,0
1698211800000,0.1856,0.1857,0.1851,0.1851,25265.0,1698212699999,4683.827,39,11750.0,2179.4735,0
1698212700000,0.1853,0.1855,0.1849,0.1853,18884.0,1698213599999,3495.3299,24,8783.0,1625.282,0
1698213600000,0.1854,0.1859,0.1854,0.1859,10051.0,1698214499999,1865.5956,18,7543.0,1399.4284,0
1698214500000,0.1865,0.1865,0.1861,0.1864,18509.0,1698215399999,3450.1615,34,13530.0,2522.4819,0
1698215400000,0.1865,0.1867,0.1859,0.186,71353.0,1698216299999,13280.6609,66,20669.0,3847.8822,0
1698216300000,0.1858,0.1861,0.1855,0.1855,25170.0,1698217199999,4675.6752,55,18422.0,3421.967,0
1698217200000,0.1858,0.186,0.1847,0.1847,43043.0,1698218099999,7975.1278,66,16071.0,2980.6903,0
1698218100000,0.1847,0.1852,0.1826,0.1826,184212.0,1698218999999,33943.2385,270,96575.0,17822.2594,0
1698219000000,0.1827,0.1835,0.182,0.1821,46783.0,1698219899999,8550.5986,115,26854.0,4909.8373,0
1698219900000,0.1823,0.1824,0.1806,0.1821,253215.0,1698220799999,45988.2705,401,93046.0,16892.3454,0
1698220800000,0.182,0.1824,0.1811,0.1813,46960.0,1698221699999,8535.1611,76,5293.0,961.5742,0
1698221700000,0.1814,0.1831,0.1814,0.1831,97501.0,1698222599999,17770.1492,107,79222.0,14445.2522,0
1698222600000,0.1832,0.184,0.1832,0.1839,15883.0,1698223499999,2913.4837,46,5236.0,959.9865,0
1698223500000,0.1838,0.1844,0.1835,0.1843,37741.0,1698224399999,6938.5364,74,8674.0,1596.9104,0
1698224400000,0.1843,0.1852,0.184,0.1852,19903.0,1698225299999,3675.1796,46,15920.0,2940.6106,0
1698225300000,0.1852,0.1856,0.185,0.1856,29470.0,1698226199999,5460.8809,50,11886.0,2204.1618,0
1698226200000,0.1854,0.1859,0.1848,0.1851,90382.0,1698227099999,16745.2104,110,33909.0,6289.1902,0
1698227100000,0.1849,0.185,0.1845,0.1848,37947.0,1698227999999,7016.7202,52,24157.0,4467.6099,0
1698228000000,0.1848,0.1848,0.1844,0.1847,8737.0,1698228899999,1613.2685,23,3395.0,626.6722,0
1698228900000,0.1847,0.1852,0.1847,0.185,8407.0,1698229799999,1555.1303,17,6803.0,1258.5413,0
1698229800000,0.185,0.1855,0.185,0.1853,32696.0,1698230699999,6060.3125,51,8994.0,1666.4477,0
1698230700000,0.1854,0.1856,0.1851,0.1855,29679.0,1698231599999,5499.1891,33,20664.0,3828.2113,0
1698231600000,0.1852,0.1863,0.1852,0.1857,25125.0,1698232499999,4669.2857,61,14358.0,2669.4807,0
1698232500000,0.1862,0.1864,0.1852,0.1854,72617.0,1698233399999,13501.4094,89,24935.0,4639.917,0
1698233400000,0.1855,0.1855,0.1851,0.1851,4876.0,1698234299999,902.9673,16,4068.0,753.2289,0
1698234300000,0.1852,0.1852,0.1847,0.1847,8529.0,1698235199999,1578.2238,22,1298.0,239.9514,0
1698235200000,0.1848,0.1858,0.1848,0.1858,11165.0,1698236099999,2066.7571,30,9176.0,1698.6634,0
1698236100000,0.1858,0.1858,0.1851,0.1853,15393.0,1698236999999,2852.171,37,3375.0,625.4999,0
1698237000000,0.1853,0.1855,0.1848,0.1852,13744.0,1698237899999,2544.1237,23,6865.0,1271.439,0
1698237900000,0.1852,0.1854,0.1851,0.1854,598.0,1698238799999,110.7991,6,598.0,110.7991,0
1698238800000,0.1852,0.1863,0.1851,0.186,19202.0,1698239699999,3569.214,45,11295.0,2100.6747,0
1698239700000,0.1861,0.1867,0.1854,0.1856,84763.0,1698240599999,15775.1019,110,59054.0,10990.8949,0
1698240600000,0.1855,0.1858,0.1845,0.1849,43141.0,1698241499999,7989.0961,84,19570.0,3627.3877,0
1698241500000,0.1848,0.1859,0.1846,0.1857,30690.0,1698242399999,5684.6177,42,10755.0,1997.2925,0
1698242400000,0.1858,0.1861,0.1853,0.186,73069.0,1698243299999,13573.1431,90,22864.0,4244.7993,0
1698243300000,0.1858,0.1864,0.1854,0.1862,10272.0,1698244199999,1910.5291,28,3834.0,712.5208,0
1698244200000,0.186,0.1873,0.186,0.1872,51197.0,1698245099999,9570.2117,92,29277.0,5475.5634,0
1698245100000,0.1871,0.1876,0.1869,0.1874,23127.0,1698245999999,4328.0212,36,5965.0,1116.1644,0
1698246000000,0.1874,0.1882,0.187,0.1876,36172.0,1698246899999,6791.2546,79,24488.0,4598.8186,0
1698246900000,0.1875,0.189,0.1873,0.189,48901.0,1698247799999,9210.8947,111,24664.0,4643.5051,0
1698247800000,0.1888,0.1898,0.1883,0.1887,103388.0,1698248699999,19542.1652,239,21676.0,4096.3523,0
1698248700000,0.1888,0.1889,0.1879,0.1883,61815.0,1698249599999,11647.1486,96,17671.0,3330.003,0
1698249600000,0.1884,0.1894,0.1881,0.1891,94623.0,1698250499999,17869.3452,170,58747.0,11095.813,0
1698250500000,0.1891,0.1895,0.1859,0.1861,149038.0,1698251399999,27965.5734,329,57677.0,10831.7494,0
1698251400000,0.186,0.1869,0.1842,0.185,204455.0,1698252299999,37891.1984,331,95814.0,17772.8504,0
1698252300000,0.185,0.1853,0.184,0.184,107092.0,1698253199999,19792.1281,121,29140.0,5387.1691,0
1698253200000,0.1842,0.1855,0.1835,0.1855,62874.0,1698254099999,11610.1568,119,40596.0,7503.5659,0
1698254100000,0.1855,0.1859,0.185,0.1859,14373.0,1698254999999,2666.3943,30,5495.0,1020.4084,0
1698255000000,0.186,0.1865,0.1855,0.1855,28132.0,1698255899999,5236.915,60,11481.0,2138.1219,0
1698255900000,0.1856,0.1861,0.1855,0.1861,14495.0,1698256799999,2692.5602,25,9760.0,1812.7385,0
1698256800000,0.186,0.1868,0.1858,0.186,29134.0,1698257699999,5426.7296,54,16595.0,3092.0611,0
1698257700000,0.1861,0.1864,0.1855,0.1857,43475.0,1698258599999,8084.9013,78,22817.0,4244.8312,0
1698258600000,0.1858,0.186,0.1853,0.1858,69773.0,1698259499999,12950.2255,61,23338.0,4336.0278,0
1698259500000,0.1854,0.1863,0.1854,0.1862,51631.0,1698260399999,9605.4554,36,45791.0,8518.8533,0
1698260400000,0.1862,0.1863,0.1856,0.1859,15050.0,1698261299999,2798.0531,85,4499.0,836.6628,0
1698261300000,0.1859,0.1859,0.1852,0.1857,40029.0,1698262199999,7427.7306,49,24867.0,4616.6862,0
1698262200000,0.1859,0.1864,0.1858,0.1858,52524.0,1698263099999,9776.3894,32,28276.0,5263.1698,0
1698263100000,0.1858,0.1865,0.1858,0.1863,22989.0,1698263999999,4281.3663,39,11477.0,2138.1888,0
1698264000000,0.1863,0.1867,0.1863,0.1867,16461.0,1698264899999,3069.8869,26,16137.0,3009.4201,0
1698264900000,0.1867,0.1867,0.1858,0.1859,29793.0,1698265799999,5549.6897,47,8288.0,1541.9348,0
1698265800000,0.1859,0.1864,0.1858,0.1862,56890.0,1698266699999,10589.6174,40,41253.0,7680.8499,0
1698266700000,0.1862,0.1864,0.1851,0.1853,46277.0,1698267599999,8595.4978,37,16182.0,3014.2401,0
1698267600000,0.1852,0.1857,0.1852,0.1857,28833.0,1698268499999,5345.6334,13,18597.0,3449.9262,0
1698268500000,0.1852,0.1857,0.1852,0.1857,7113.0,1698269399999,1318.7478,16,3363.0,624.0073,0
1698269400000,0.1855,0.1855,0.1844,0.1848,29225.0,1698270299999,5404.3458,45,4654.0,859.7629,0
1698270300000,0.1847,0.1858,0.1847,0.1857,10403.0,1698271199999,1926.2724,26,6213.0,1149.8279,0
1698271200000,0.1857,0.1861,0.1855,0.186,18099.0,1698272099999,3361.4311,29,5061.0,940.6722,0
1698272100000,0.1861,0.1862,0.1858,0.1859,7214.0,1698272999999,1342.4431,15,3976.0,740.0644,0
1698273000000,0.186,0.1863,0.1859,0.1863,25201.0,1698273899999,4692.1329,41,17982.0,3348.0812,0
1698273900000,0.1863,0.1863,0.1858,0.186,23516.0,1698274799999,4372.7378,31,8611.0,1600.8564,0
1698274800000,0.1859,0.1862,0.1846,0.1852,39007.0,1698275699999,7220.9199,53,12147.0,2249.1325,0
1698275700000,0.1853,0.1862,0.1853,0.1861,23066.0,1698276599999,4290.309,41,16298.0,3032.1403,0
1698276600000,0.1862,0.1863,0.1856,0.186,11934.0,1698277499999,2220.6081,28,6323.0,1176.4335,0
1698277500000,0.1862,0.1866,0.186,0.1866,21945.0,1698278399999,4087.6674,35,12652.0,2357.6945,0
1698278400000,0.1867,0.1867,0.1857,0.1862,70619.0,1698279299999,13154.093,55,45673.0,8507.4278,0
1698279300000,0.1863,0.1876,0.1861,0.1875,44002.0,1698280199999,8232.7359,83,34830.0,6518.6855,0
1698280200000,0.1873,0.1877,0.1868,0.1868,29787.0,1698281099999,5578.1706,52,8597.0,1611.5296,0
1698281100000,0.1866,0.1875,0.1857,0.1873,55316.0,1698281999999,10305.0297,84,20166.0,3756.282,0
1698282000000,0.1873,0.1877,0.1871,0.1876,67140.0,1698282899999,12583.4146,104,24354.0,4563.5681,0
1698282900000,0.1876,0.1887,0.1876,0.1886,94726.0,1698283799999,17834.404,112,55848.0,10522.6775,0
1698283800000,0.1886,0.1888,0.1876,0.1876,37367.0,1698284699999,7037.1004,64,7032.0,1322.6398,0
1698284700000,0.1874,0.1881,0.1873,0.1881,28951.0,1698285599999,5434.4107,57,16068.0,3014.5757,0
1698285600000,0.1881,0.1881,0.187,0.187,17996.0,1698286499999,3372.8092,45,9095.0,1704.3353,0
1698286500000,0.187,0.1874,0.187,0.1871,16714.0,1698287399999,3130.7159,31,7354.0,1377.7001,0
1698287400000,0.1872,0.1882,0.1872,0.1881,23172.0,1698288299999,4349.318,37,11605.0,2177.6648,0
1698288300000,0.1884,0.1884,0.1877,0.1879,3157.0,1698289199999,593.3153,14,1001.0,188.2643,0
1698289200000,0.188,0.1886,0.188,0.1884,5121.0,1698290099999,963.9685,14,2108.0,397.1204,0
1698290100000,0.1884,0.1891,0.1883,0.189,26550.0,1698290999999,5011.8051,47,12661.0,2391.4623,0
1698291000000,0.189,0.1895,0.1889,0.1892,117370.0,1698291899999,22197.3665,152,54028.0,10218.6078,0
1698291900000,0.1892,0.1894,0.1887,0.1894,78968.0,1698292799999,14929.5254,93,24993.0,4724.3642,0
1698292800000,0.1895,0.1896,0.1884,0.1884,38028.0,1698293699999,7181.7268,61,17991.0,3397.6421,0
1698293700000,0.1884,0.1886,0.1881,0.1881,88519.0,1698294599999,16669.5039,100,30809.0,5803.9213,0
1698294600000,0.1882,0.1886,0.1878,0.1883,46916.0,1698295499999,8828.4794,67,17294.0,3255.0477,0
1698295500000,0.1882,0.1885,0.1881,0.1883,47814.0,1698296399999,9002.4317,51,23587.0,4442.1999,0
1698296400000,0.1885,0.1887,0.1883,0.1883,26349.0,1698297299999,4968.8952,43,16000.0,3017.8287,0
1698297300000,0.1886,0.1888,0.1882,0.1884,21405.0,1698298199999,4032.0354,37,17697.0,3333.7903,0
1698298200000,0.1884,0.1888,0.1879,0.188,93766.0,1698299099999,17655.1342,102,41616.0,7840.0958,0
1698299100000,0.1881,0.1881,0.1865,0.1866,153876.0,1698299999999,28767.5176,157,17471.0,3268.3706,0
1698300000000,0.1866,0.1868,0.1854,0.1861,101863.0,1698300899999,18968.4731,143,61425.0,11439.5616,0
1698300900000,0.1861,0.1871,0.1861,0.187,10765.0,1698301799999,2010.0985,53,7236.0,1351.2156,0
1698301800000,0.187,0.1876,0.1868,0.1876,47443.0,1698302699999,8885.6745,61,23863.0,4471.2998,0
1698302700000,0.1875,0.1884,0.1875,0.1884,50628.0,1698303599999,9512.4667,61,15176.0,2852.8846,0
1698303600000,0.1882,0.1888,0.1876,0.1887,114049.0,1698304499999,21431.2911,107,43913.0,8253.1608,0
1698304500000,0.1887,0.1902,0.1887,0.1901,95542.0,1698305399999,18124.5826,187,38564.0,7315.2546,0
1698305400000,0.1901,0.1904,0.1896,0.19,72232.0,1698306299999,13719.1653,155,28146.0,5347.5816,0
1698306300000,0.1901,0.1905,0.1897,0.1905,86937.0,1698307199999,16519.2108,116,53880.0,10241.4283,0
1698307200000,0.1904,0.191,0.1888,0.1893,204882.0,1698308099999,38969.9749,332,53827.0,10243.0966,0
1698308100000,0.1897,0.19,0.189,0.189,67978.0,1698308999999,12886.3419,106,36105.0,6846.6773,0
1698309000000,0.189,0.19,0.1887,0.1899,51884.0,1698309899999,9831.2404,94,25998.0,4925.3181,0
1698309900000,0.19,0.1903,0.1899,0.1901,33329.0,1698310799999,6335.0955,47,9654.0,1835.357,0
1698310800000,0.1901,0.1905,0.1897,0.1898,58101.0,1698311699999,11049.2457,81,20395.0,3878.6653,0
1698311700000,0.1897,0.1897,0.188,0.1882,32103.0,1698312599999,6058.7266,72,16140.0,3045.0656,0
1698312600000,0.1881,0.1891,0.1879,0.189,18754.0,1698313499999,3537.1541,40,11445.0,2158.8965,0
1698313500000,0.189,0.1892,0.1884,0.1885,93857.0,1698314399999,17706.5132,91,19491.0,3677.5626,0
1698314400000,0.1883,0.1888,0.1869,0.1879,61921.0,1698315299999,11625.081,136,25477.0,4787.073,0
1698315300000,0.1879,0.1885,0.1873,0.1881,72866.0,1698316199999,13699.4228,85,18353.0,3449.33,0
1698316200000,0.1881,0.1882,0.1867,0.187,63796.0,1698317099999,11971.0331,116,20698.0,3885.6447,0
1698317100000,0.187,0.1873,0.1858,0.187,161216.0,1698317999999,30122.1306,201,71153.0,13296.3823,0
1698318000000,0.1869,0.1877,0.1869,0.1875,44393.0,1698318899999,8318.4682,86,24260.0,4546.0217,0
1698318900000,0.1876,0.1877,0.1865,0.1867,44029.0,1698319799999,8242.5725,143,12974.0,2430.497,0
1698319800000,0.1867,0.1869,0.1841,0.1847,127360.0,1698320699999,23595.3571,277,40313.0,7461.2632,0
1698320700000,0.1848,0.1864,0.1843,0.1861,162118.0,1698321599999,30030.532,280,88394.0,16378.1595,0
1698321600000,0.1863,0.1875,0.1862,0.1875,37506.0,1698322499999,7003.2932,57,8515.0,1590.8754,0
1698322500000,0.1874,0.1875,0.1869,0.1873,14801.0,1698323399999,2769.3048,25,849.0,159.0826,0
1698323400000,0.1872,0.1878,0.1869,0.1876,79467.0,1698324299999,14896.1801,108,32646.0,6116.0658,0
1698324300000,0.1879,0.1881,0.1873,0.1879,55098.0,1698325199999,10341.8573,67,8123.0,1525.1115,0
1698325200000,0.1879,0.1882,0.1878,0.1882,34013.0,1698326099999,6395.4511,28,6370.0,1197.5501,0
1698326100000,0.1881,0.1883,0.1874,0.1874,16929.0,1698326999999,3179.2626,24,9876.0,1854.9392,0
1698327000000,0.1874,0.1875,0.1866,0.1873,88622.0,1698327899999,16601.1386,55,53313.0,9994.7123,0
1698327900000,0.1873,0.1874,0.185,0.1851,87998.0,1698328799999,16375.1915,117,16005.0,2983.3909,0
1698328800000,0.1853,0.1865,0.185,0.1863,28225.0,1698329699999,5239.6807,60,15093.0,2799.8382,0
1698329700000,0.1862,0.1862,0.184,0.1844,53014.0,1698330599999,9831.1882,87,30284.0,5615.491,0
1698330600000,0.1841,0.1841,0.1778,0.1813,740093.0,1698331499999,133728.6063,1184,336537.0,60749.4792,0
1698331500000,0.1813,0.1832,0.1813,0.183,129955.0,1698332399999,23723.131,231,41873.0,7631.7202,0
1698332400000,0.1831,0.1834,0.1814,0.1815,168608.0,1698333299999,30784.3781,203,42929.0,7830.5119,0
1698333300000,0.1817,0.1817,0.1797,0.18,245996.0,1698334199999,44401.4314,266,82164.0,14815.0468,0
1698334200000,0.1801,0.1814,0.1793,0.1804,207354.0,1698335099999,37454.5791,191,138780.0,25070.7612,0
1698335100000,0.1803,0.1816,0.1802,0.1816,18018.0,1698335999999,3267.6944,39,9907.0,1796.3325,0
1698336000000,0.1815,0.1822,0.1809,0.181,75000.0,1698336899999,13628.5681,110,32159.0,5849.9963,0
1698336900000,0.1814,0.1824,0.1813,0.1823,20748.0,1698337799999,3771.1315,57,7049.0,1281.6035,0
1698337800000,0.1822,0.1827,0.1818,0.1821,27491.0,1698338699999,5008.8849,61,15787.0,2878.6021,0
1698338700000,0.1818,0.1825,0.1818,0.182,27529.0,1698339599999,5015.4265,58,13045.0,2377.2524,0
1698339600000,0.1819,0.1834,0.1818,0.1833,31168.0,1698340499999,5699.1048,60,19358.0,3539.5718,0
1698340500000,0.1832,0.1836,0.183,0.1835,22700.0,1698341399999,4161.9179,63,16159.0,2962.8365,0
1698341400000,0.1836,0.1837,0.1832,0.1835,20002.0,1698342299999,3670.5266,58,10608.0,1947.5154,0
1698342300000,0.1837,0.1844,0.1837,0.1844,27840.0,1698343199999,5124.5797,52,21275.0,3916.3559,0
1698343200000,0.1843,0.1846,0.1841,0.1846,32626.0,1698344099999,6018.0536,64,17028.0,3142.2283,0
1698344100000,0.1846,0.1848,0.1841,0.1842,5479.0,1698344999999,1011.0355,24,1832.0,338.105,0
1698345000000,0.1841,0.1845,0.1841,0.1843,20289.0,1698345899999,3739.4661,21,1896.0,349.3931,0
1698345900000,0.1841,0.1843,0.1839,0.1839,16244.0,1698346799999,2990.6994,31,3320.0,611.1855,0
1698346800000,0.184,0.1844,0.1839,0.1843,8921.0,1698347699999,1643.8007,20,5837.0,1075.678,0
1698347700000,0.1844,0.1846,0.1842,0.1842,5888.0,1698348599999,1085.3537,19,3432.0,632.5629,0
1698348600000,0.184,0.1849,0.184,0.1849,31955.0,1698349499999,5894.8017,65,15841.0,2924.268,0
1698349500000,0.1848,0.1851,0.1847,0.185,26287.0,1698350399999,4860.8739,58,14164.0,2618.7942,0
1698350400000,0.1848,0.1856,0.1848,0.1855,22221.0,1698351299999,4118.1216,47,16179.0,2998.5443,0
1698351300000,0.1855,0.1855,0.185,0.1854,19142.0,1698352199999,3546.1263,48,8101.0,1501.8978,0
1698352200000,0.1854,0.1855,0.1852,0.1855,8883.0,1698353099999,1646.8026,22,5925.0,1098.5533,0
1698353100000,0.1855,0.186,0.1855,0.1859,22824.0,1698353999999,4242.0037,32,20672.0,3842.317,0
1698354000000,0.1858,0.1863,0.1857,0.1863,15547.0,1698354899999,2892.0369,32,7650.0,1424.025,0
1698354900000,0.1863,0.1863,0.1858,0.1859,20129.0,1698355799999,3744.7983,28,4124.0,767.2551,0
1698355800000,0.186,0.1861,0.1855,0.186,22712.0,1698356699999,4219.1556,39,12689.0,2355.9025,0
1698356700000,0.186,0.1862,0.1857,0.1862,19865.0,1698357599999,3694.0975,37,10622.0,1976.2731,0
1698357600000,0.1862,0.1878,0.1862,0.1877,132665.0,1698358499999,24842.3974,135,97390.0,18235.1263,0
1698358500000,0.1877,0.1884,0.1871,0.1884,127211.0,1698359399999,23887.0413,129,52497.0,9853.8627,0
1698359400000,0.1884,0.1887,0.188,0.1884,142169.0,1698360299999,26777.1793,139,41340.0,7790.0862,0
1698360300000,0.1885,0.1889,0.1885,0.1889,22062.0,1698361199999,4163.6599,39,19139.0,3612.1478,0
1698361200000,0.1889,0.1889,0.1882,0.1887,34578.0,1698362099999,6517.5145,41,4061.0,765.5003,0
1698362100000,0.1887,0.1888,0.1882,0.1887,41246.0,1698362999999,7779.3226,64,16120.0,3041.3645,0
1698363000000,0.1888,0.1894,0.1886,0.1889,70831.0,1698363899999,13388.3861,109,57066.0,10788.596,0
1698363900000,0.189,0.1895,0.1889,0.1895,50991.0,1698364799999,9644.1935,64,42719.0,8079.7582,0
1698364800000,0.1894,0.1895,0.1877,0.1879,80613.0,1698365699999,15213.4533,118,19620.0,3698.0973,0
1698365700000,0.188,0.1884,0.1877,0.1884,47722.0,1698366599999,8970.7106,84,24056.0,4522.841,0
1698366600000,0.1884,0.1885,0.1873,0.1874,18972.0,1698367499999,3563.1564,50,4568.0,858.9381,0
1698367500000,0.1872,0.1875,0.1868,0.1874,39233.0,1698368399999,7339.3592,57,10095.0,1890.8343,0
1698368400000,0.1874,0.1875,0.185,0.1861,217681.0,1698369299999,40471.3627,346,85954.0,16010.9008,0
1698369300000,0.1857,0.1859,0.1853,0.1853,43095.0,1698370199999,7996.7859,55,17809.0,3306.4415,0
1698370200000,0.1853,0.1856,0.1853,0.1856,5765.0,1698371099999,1069.0209,9,1397.0,258.9305,0
1698371100000,0.1855,0.1856,0.1831,0.1833,104034.0,1698371999999,19165.4455,181,26252.0,4827.8493,0
1698372000000,0.1834,0.1847,0.1829,0.1846,54199.0,1698372899999,9954.7031,90,38696.0,7104.8396,0
1698372900000,0.1849,0.186,0.1848,0.186,60811.0,1698373799999,11284.398,68,35378.0,6563.908,0
1698373800000,0.1861,0.1866,0.1861,0.1865,21264.0,1698374699999,3959.2564,33,5148.0,958.7698,0
1698374700000,0.1868,0.1872,0.1864,0.1864,3878.0,1698375599999,724.6114,25,986.0,184.391,0
1698375600000,0.1866,0.188,0.1866,0.1875,89460.0,1698376499999,16759.5554,115,70337.0,13173.3451,0
1698376500000,0.1877,0.188,0.1873,0.1873,27862.0,1698377399999,5234.5359,27,5788.0,1087.5214,0
1698377400000,0.1873,0.1878,0.1871,0.1877,13818.0,1698378299999,2589.9031,27,6702.0,1257.1036,0
1698378300000,0.1877,0.1877,0.187,0.1873,55087.0,1698379199999,10325.4997,34,11376.0,2129.649,0
1698379200000,0.1873,0.1875,0.1871,0.1872,7719.0,1698380099999,1446.1152,17,4396.0,823.7972,0
1698380100000,0.1873,0.1873,0.1861,0.1862,10944.0,1698380999999,2039.0496,15,3374.0,628.7041,0
1698381000000,0.1863,0.1867,0.1862,0.1866,48308.0,1698381899999,9009.487,117,19485.0,3634.3127,0
1698381900000,0.1866,0.1877,0.1866,0.1874,50026.0,1698382799999,9364.0203,73,35247.0,6596.0256,0
1698382800000,0.1874,0.1874,0.1867,0.1869,21539.0,1698383699999,4027.6943,42,5175.0,967.2262,0
1698383700000,0.1868,0.1868,0.1853,0.1855,67302.0,1698384599999,12502.4428,129,23270.0,4319.5204,0
1698384600000,0.1857,0.1869,0.1857,0.1869,68967.0,1698385499999,12852.5205,92,32429.0,6044.0151,0
1698385500000,0.187,0.1875,0.1869,0.1875,65828.0,1698386399999,12319.6317,76,41993.0,7858.0916,0
1698386400000,0.1876,0.1893,0.1876,0.1892,59018.0,1698387299999,11111.9979,115,38918.0,7327.0925,0
1698387300000,0.1892,0.1892,0.1885,0.1886,25208.0,1698388199999,4761.537,47,3349.0,632.4712,0
1698388200000,0.1886,0.1889,0.1884,0.1885,18015.0,1698389099999,3399.1929,33,8304.0,1566.8437,0
1698389100000,0.1885,0.1893,0.1883,0.1893,36157.0,1698389999999,6814.4518,43,16993.0,3204.129,0
1698390000000,0.1893,0.1894,0.1886,0.1886,29709.0,1698390899999,5609.552,38,3945.0,745.0277,0
1698390900000,0.1884,0.1887,0.1874,0.1875,65561.0,1698391799999,12311.2551,75,4411.0,828.6382,0
1698391800000,0.1874,0.1878,0.1869,0.1873,58484.0,1698392699999,10953.46,104,10551.0,1977.3269,0
1698392700000,0.1873,0.1874,0.1859,0.1859,92706.0,1698393599999,17291.4464,119,20433.0,3810.4072,0
1698393600000,0.186,0.1864,0.1858,0.1861,56660.0,1698394499999,10541.5549,100,24017.0,4467.6431,0
1698394500000,0.1861,0.1863,0.1858,0.1861,36674.0,1698395399999,6822.0891,82,27086.0,5038.2846,0
1698395400000,0.1861,0.1881,0.1858,0.1881,64297.0,1698396299999,12055.9391,50,53443.0,10022.5814,0
1698396300000,0.1882,0.1899,0.1882,0.1897,158034.0,1698397199999,29896.3869,255,90169.0,17065.8096,0
1698397200000,0.1896,0.1901,0.1889,0.189,123763.0,1698398099999,23484.6001,140,27631.0,5238.8855,0
1698398100000,0.1892,0.1895,0.1889,0.1892,338130.0,1698398999999,63916.0518,120,272876.0,51578.6292,0
1698399000000,0.1893,0.1934,0.1893,0.1921,1582516.0,1698399899999,303552.6208,1622,1041001.0,199607.6986,0
1698399900000,0.1921,0.1928,0.1913,0.1926,433744.0,1698400799999,83272.4956,483,226274.0,43446.96,0
1698400800000,0.1926,0.194,0.1907,0.191,664868.0,1698401699999,127923.4576,663,336747.0,64961.6578,0
1698401700000,0.1911,0.1914,0.1905,0.1907,271824.0,1698402599999,51908.1325,283,94715.0,18094.4511,0
1698402600000,0.1907,0.1908,0.1902,0.1904,123792.0,1698403499999,23577.2586,171,34510.0,6573.4341,0
1698403500000,0.1904,0.1904,0.19,0.1903,52209.0,1698404399999,9928.7709,98,14571.0,2772.9695,0
1698404400000,0.1904,0.1915,0.19,0.1909,249338.0,1698405299999,47513.6597,270,104436.0,19932.2244,0
1698405300000,0.1909,0.1916,0.1908,0.1908,159667.0,1698406199999,30510.4192,187,67927.0,12979.3599,0
1698406200000,0.1908,0.191,0.1901,0.1905,120818.0,1698407099999,23040.358,196,48163.0,9188.5263,0
1698407100000,0.1906,0.1924,0.1906,0.1921,109789.0,1698407999999,21056.7109,149,63433.0,12156.5725,0
1698408000000,0.192,0.1924,0.1906,0.1907,119923.0,1698408899999,22936.6873,158,32330.0,6184.3265,0
1698408900000,0.1907,0.1915,0.1907,0.1913,113007.0,1698409799999,21607.8686,123,31381.0,6001.2097,0
1698409800000,0.191,0.1923,0.1909,0.1923,60311.0,1698410699999,11557.6394,72,25531.0,4890.062,0
1698410700000,0.1922,0.194,0.1921,0.1938,190561.0,1698411599999,36769.3986,242,84925.0,16412.728,0
1698411600000,0.1939,0.194,0.1932,0.1938,107461.0,1698412499999,20806.4785,157,48109.0,9316.1943,0
1698412500000,0.1935,0.1946,0.1934,0.1938,238739.0,1698413399999,46266.7854,278,138220.0,26786.2192,0
1698413400000,0.1936,0.1962,0.1932,0.1946,634945.0,1698414299999,123749.7396,718,357918.0,69795.6465,0
1698414300000,0.1948,0.196,0.1943,0.1949,429513.0,1698415199999,83865.1823,742,175179.0,34236.1689,0
1698415200000,0.1949,0.1956,0.1936,0.1942,415344.0,1698416099999,80854.6155,559,184744.0,36000.4302,0
1698416100000,0.1942,0.1942,0.1927,0.1928,245318.0,1698416999999,47414.0847,364,99219.0,19186.0508,0
1698417000000,0.1928,0.1932,0.1911,0.1931,251570.0,1698417899999,48259.0334,352,81696.0,15677.3448,0
1698417900000,0.1931,0.1939,0.1925,0.1938,433488.0,1698418799999,83719.7504,330,142393.0,27510.5495,0
1698418800000,0.1937,0.194,0.1916,0.192,189273.0,1698419699999,36461.7858,285,79574.0,15332.1749,0
1698419700000,0.1922,0.1934,0.1918,0.1932,146691.0,1698420599999,28202.3504,106,47371.0,9126.2222,0
1698420600000,0.1931,0.195,0.1929,0.195,258958.0,1698421499999,50236.0595,274,153483.0,29823.7094,0
1698421500000,0.1949,0.195,0.1938,0.1941,82167.0,1698422399999,15973.0541,102,28747.0,5585.5075,0
1698422400000,0.1937,0.1951,0.1935,0.1951,123465.0,1698423299999,24007.517,148,68326.0,13294.87,0
1698423300000,0.195,0.1951,0.1933,0.1935,88905.0,1698424199999,17258.6449,136,24809.0,4815.771,0
1698424200000,0.1935,0.1935,0.1928,0.1928,23911.0,1698425099999,4620.7074,69,5605.0,1083.3606,0
1698425100000,0.1929,0.1929,0.1913,0.1919,196217.0,1698425999999,37692.9103,275,82131.0,15772.9274,0
1698426000000,0.1918,0.1919,0.1879,0.19,552610.0,1698426899999,105096.8916,655,133498.0,25343.3207,0
1698426900000,0.1901,0.1916,0.19,0.1913,157353.0,1698427799999,29987.1973,182,43951.0,8382.5453,0
1698427800000,0.1912,0.1915,0.1907,0.1912,82667.0,1698428699999,15805.4059,58,29121.0,5571.8722,0
1698428700000,0.191,0.1913,0.1904,0.1904,43005.0,1698429599999,8204.8566,67,9362.0,1787.8426,0
1698429600000,0.1904,0.191,0.189,0.1894,217004.0,1698430499999,41258.1298,169,77544.0,14751.2471,0
1698430500000,0.1895,0.1898,0.1878,0.188,203592.0,1698431399999,38429.2609,228,75537.0,14280.1151,0
1698431400000,0.1881,0.1901,0.188,0.1899,103433.0,1698432299999,19580.1783,104,69353.0,13130.0828,0
1698432300000,0.1898,0.1899,0.1893,0.1896,25825.0,1698433199999,4897.3334,31,4211.0,798.054,0
1698433200000,0.1897,0.1903,0.1897,0.1903,36013.0,1698434099999,6841.1956,48,26452.0,5025.9142,0
1698434100000,0.1901,0.1902,0.1898,0.1898,7615.0,1698434999999,1446.5973,17,3055.0,580.6483,0
1698435000000,0.1898,0.1903,0.1898,0.1903,27399.0,1698435899999,5206.0466,37,4578.0,869.7529,0
1698435900000,0.1904,0.1909,0.1904,0.1907,26986.0,1698436799999,5147.7599,47,20288.0,3870.051,0
1698436800000,0.1906,0.1909,0.1905,0.1905,18760.0,1698437699999,3576.9798,31,2427.0,463.022,0
1698437700000,0.1907,0.1909,0.1906,0.1908,13143.0,1698438599999,2506.7659,32,6025.0,1149.546,0
1698438600000,0.1907,0.1912,0.1907,0.191,47944.0,1698439499999,9155.167,63,20965.0,4004.0416,0
1698439500000,0.191,0.191,0.1906,0.191,10786.0,1698440399999,2058.3422,18,3383.0,645.9934,0
1698440400000,0.191,0.1913,0.1907,0.1911,27614.0,1698441299999,5278.6487,28,18508.0,3539.2629,0
1698441300000,0.191,0.191,0.1903,0.1903,14246.0,1698442199999,2715.8121,25,1136.0,216.5813,0
1698442200000,0.1903,0.191,0.1903,0.1908,39133.0,1698443099999,7466.0556,41,8034.0,1533.6668,0
1698443100000,0.1908,0.1913,0.1907,0.1912,25003.0,1698443999999,4775.7439,32,12453.0,2381.1596,0
1698444000000,0.1914,0.1918,0.1912,0.1917,19656.0,1698444899999,3763.2575,37,3648.0,698.669,0
1698444900000,0.1916,0.1917,0.1911,0.1915,25148.0,1698445799999,4813.893,38,8990.0,1720.4513,0
1698445800000,0.1915,0.1924,0.1914,0.1919,47160.0,1698446699999,9056.2327,95,21645.0,4154.1769,0
1698446700000,0.1918,0.1924,0.1914,0.1914,16268.0,1698447599999,3121.9521,35,7336.0,1407.7673,0
1698447600000,0.1917,0.1931,0.1915,0.193,24928.0,1698448499999,4794.3119,63,15135.0,2910.4427,0
1698448500000,0.193,0.1931,0.1928,0.1929,22129.0,1698449399999,4269.104,52,5318.0,1025.9559,0
1698449400000,0.1928,0.1934,0.1927,0.1933,33776.0,1698450299999,6523.6636,61,12432.0,2402.5977,0
1698450300000,0.1934,0.194,0.1933,0.1935,49517.0,1698451199999,9592.2368,131,14179.0,2746.1508,0
1698451200000,0.1935,0.1936,0.1922,0.1933,182030.0,1698452099999,35111.3093,272,60975.0,11747.2575,0
1698452100000,0.1934,0.1934,0.1921,0.1931,181479.0,1698452999999,34958.6329,224,30176.0,5808.1167,0
1698453000000,0.193,0.1937,0.1929,0.1933,90219.0,1698453899999,17432.0735,111,21168.0,4091.3698,0
1698453900000,0.1932,0.1933,0.1927,0.1928,64801.0,1698454799999,12503.5567,64,23746.0,4584.6538,0
1698454800000,0.1926,0.1928,0.1924,0.1926,86913.0,1698455699999,16739.4478,68,8762.0,1687.4384,0
1698455700000,0.1927,0.1938,0.1925,0.1938,114818.0,1698456599999,22166.2088,114,38502.0,7445.5874,0
1698456600000,0.1938,0.1946,0.1938,0.1941,100911.0,1698457499999,19596.924,231,25184.0,4890.6528,0
1698457500000,0.1942,0.1953,0.1941,0.195,165465.0,1698458399999,32232.7597,238,92826.0,18090.3633,0
1698458400000,0.195,0.1972,0.195,0.1956,388332.0,1698459299999,76191.3722,571,217840.0,42741.6845,0
1698459300000,0.1954,0.1956,0.1949,0.1956,129926.0,1698460199999,25375.5232,148,25953.0,5069.2041,0
1698460200000,0.1954,0.1957,0.195,0.1954,70734.0,1698461099999,13809.3699,83,17817.0,3479.1655,0
1698461100000,0.1953,0.1968,0.1951,0.1961,60611.0,1698461999999,11883.4509,71,15026.0,2944.6054,0
1698462000000,0.1962,0.1962,0.1956,0.1961,102384.0,1698462899999,20057.0128,87,57350.0,11239.0818,0
1698462900000,0.1963,0.1963,0.1958,0.1961,47724.0,1698463799999,9358.1181,73,24413.0,4788.1622,0
1698463800000,0.1961,0.1967,0.1961,0.1965,56482.0,1698464699999,11093.384,77,14418.0,2833.4437,0
1698464700000,0.1965,0.1967,0.1958,0.1959,55833.0,1698465599999,10952.173,66,12644.0,2481.4618,0
1698465600000,0.1961,0.1962,0.1954,0.1957,49778.0,1698466499999,9743.2854,56,2846.0,557.4902,0
1698466500000,0.1956,0.196,0.1956,0.1959,76236.0,1698467399999,14930.8567,62,19340.0,3787.8753,0
1698467400000,0.1959,0.1973,0.1959,0.1973,149562.0,1698468299999,29398.8143,136,93610.0,18406.8686,0
1698468300000,0.1973,0.199,0.1965,0.1979,761457.0,1698469199999,150653.912,630,498528.0,98682.2928,0
1698469200000,0.1979,0.2,0.1978,0.1998,501405.0,1698470099999,99811.5611,537,248499.0,49461.8367,0
1698470100000,0.1998,0.2012,0.1994,0.2012,681490.0,1698470999999,136476.7709,653,368182.0,73751.1332,0
1698471000000,0.2012,0.2012,0.1992,0.2,329842.0,1698471899999,65987.0868,338,113475.0,22696.0364,0
1698471900000,0.1999,0.2009,0.1996,0.2007,187432.0,1698472799999,37552.7673,224,122678.0,24581.6078,0
1698472800000,0.2007,0.2012,0.1999,0.2009,235639.0,1698473699999,47245.8032,223,111248.0,22312.6737,0
1698473700000,0.2007,0.2022,0.2002,0.2014,334208.0,1698474599999,67231.806,327,176380.0,35490.3935,0
1698474600000,0.2015,0.2047,0.2015,0.2041,618970.0,1698475499999,125726.2153,742,428866.0,87153.6645,0
1698475500000,0.2039,0.204,0.2008,0.2009,490792.0,1698476399999,99230.1614,489,174455.0,35333.1111,0
1698476400000,0.2009,0.2032,0.2009,0.2029,234971.0,1698477299999,47405.9379,244,86496.0,17472.32,0
1698477300000,0.2031,0.2037,0.2023,0.2037,319767.0,1698478199999,64825.2379,186,169389.0,34365.6104,0
1698478200000,0.2037,0.2045,0.2034,0.2044,571219.0,1698479099999,116528.0832,404,235308.0,48021.4599,0
1698479100000,0.2044,0.2061,0.2043,0.2053,387762.0,1698479999999,79572.22,493,210476.0,43182.3905,0
1698480000000,0.205,0.2077,0.2044,0.2061,1228029.0,1698480899999,253464.1818,968,716261.0,147907.8338,0
1698480900000,0.2062,0.2096,0.2061,0.208,1527760.0,1698481799999,317355.779,1563,1039299.0,215801.2601,0
1698481800000,0.208,0.2094,0.2069,0.2092,933762.0,1698482699999,194476.2068,845,411789.0,85844.3006,0
1698482700000,0.209,0.2095,0.2084,0.2092,657786.0,1698483599999,137448.9999,591,415525.0,86824.881,0
1698483600000,0.2092,0.2092,0.2051,0.2061,786780.0,1698484499999,162672.4994,764,312311.0,64608.5663,0
1698484500000,0.206,0.2087,0.2053,0.2087,968482.0,1698485399999,200250.7513,865,610376.0,126340.8583,0
1698485400000,0.2087,0.2106,0.2076,0.2081,1386539.0,1698486299999,290184.2301,1351,883713.0,185048.913,0
1698486300000,0.208,0.2087,0.2072,0.2082,323777.0,1698487199999,67285.371,294,91484.0,19018.7973,0
1698487200000,0.2082,0.2082,0.2069,0.2077,264281.0,1698488099999,54829.1093,226,51939.0,10782.9783,0
1698488100000,0.2077,0.2088,0.2074,0.2088,298966.0,1698488999999,62213.4387,205,131224.0,27323.5025,0
1698489000000,0.2087,0.2093,0.2081,0.2088,228724.0,1698489899999,47754.209,244,116350.0,24305.7783,0
1698489900000,0.2088,0.2095,0.2085,0.2089,270634.0,1698490799999,56555.3207,283,139871.0,29232.2473,0
1698490800000,0.2088,0.2102,0.2084,0.2097,481091.0,1698491699999,100891.741,362,306730.0,64334.482,0
1698491700000,0.2098,0.2109,0.2097,0.2101,367061.0,1698492599999,77184.5672,478,271958.0,57190.6093,0
1698492600000,0.2102,0.2105,0.2092,0.2103,380070.0,1698493499999,79736.0545,510,246719.0,51771.6668,0
1698493500000,0.2101,0.2142,0.2101,0.2109,1598154.0,1698494399999,339184.2492,1972,1126953.0,239417.2138,0
1698494400000,0.2109,0.2155,0.2106,0.2153,1211652.0,1698495299999,258927.8609,1373,795040.0,170100.7914,0
1698495300000,0.2153,0.216,0.212,0.2133,1087946.0,1698496199999,232763.4278,1207,597383.0,127942.7727,0
1698496200000,0.2132,0.2137,0.211,0.2122,609413.0,1698497099999,129324.8347,622,218493.0,46418.6403,0
1698497100000,0.2122,0.2122,0.2082,0.2084,832467.0,1698497999999,174742.0421,1049,266877.0,56019.5828,0
1698498000000,0.2084,0.2096,0.2068,0.2086,472547.0,1698498899999,98301.2078,496,147160.0,30649.6311,0
1698498900000,0.2087,0.2128,0.2083,0.2105,478444.0,1698499799999,100832.8744,605,281984.0,59477.9065,0
1698499800000,0.2103,0.2108,0.2072,0.2073,475431.0,1698500699999,99168.7854,443,85899.0,17968.1901,0
1698500700000,0.2074,0.2083,0.2073,0.2079,215038.0,1698501599999,44672.5783,297,82510.0,17153.1418,0
1698501600000,0.2078,0.2081,0.2052,0.2066,487373.0,1698502499999,100684.3267,620,112849.0,23317.1399,0
1698502500000,0.2067,0.2068,0.2056,0.2062,109350.0,1698503399999,22540.3276,214,45492.0,9383.217,0
1698503400000,0.2061,0.2066,0.2055,0.206,202533.0,1698504299999,41719.3112,222,64271.0,13247.4389,0
1698504300000,0.206,0.2067,0.2058,0.2066,58423.0,1698505199999,12059.623,96,33265.0,6868.7205,0
1698505200000,0.2066,0.2081,0.2065,0.2074,109892.0,1698506099999,22803.7414,231,55509.0,11514.2577,0
1698506100000,0.2073,0.2078,0.2072,0.2075,78814.0,1698506999999,16354.314,174,32915.0,6830.7533,0
1698507000000,0.2075,0.2077,0.2071,0.2075,93983.0,1698507899999,19488.9265,172,36657.0,7601.8532,0
1698507900000,0.2074,0.2077,0.2071,0.2075,88698.0,1698508799999,18399.4973,111,34170.0,7090.9494,0
1698508800000,0.2075,0.2089,0.2071,0.2077,290484.0,1698509699999,60481.2228,336,193576.0,40310.0646,0
1698509700000,0.2078,0.2079,0.2071,0.2077,86965.0,1698510599999,18034.9231,115,38273.0,7938.6127,0
1698510600000,0.2076,0.2076,0.2069,0.2074,60413.0,1698511499999,12515.7613,112,17408.0,3608.404,0
1698511500000,0.2073,0.2082,0.2073,0.2082,83667.0,1698512399999,17389.4952,79,23453.0,4875.3444,0
1698512400000,0.2081,0.2093,0.2081,0.2091,79410.0,1698513299999,16583.6269,143,37386.0,7805.1626,0
1698513300000,0.2091,0.2091,0.2081,0.2086,55417.0,1698514199999,11544.4392,109,16615.0,3461.6933,0
1698514200000,0.2088,0.2091,0.2084,0.2089,89885.0,1698515099999,18764.9086,181,48854.0,10199.938,0
1698515100000,0.2087,0.2099,0.2087,0.2089,221127.0,1698515999999,46265.1211,295,109719.0,22966.0759,0
1698516000000,0.2088,0.21,0.2086,0.2086,363550.0,1698516899999,76117.2134,396,175104.0,36688.3293,0
1698516900000,0.2086,0.2086,0.2076,0.2076,90728.0,1698517799999,18882.1057,186,21209.0,4415.035,0
1698517800000,0.2078,0.2092,0.2077,0.2091,45443.0,1698518699999,9476.0682,90,16093.0,3355.0015,0
1698518700000,0.2089,0.2093,0.2086,0.2089,38183.0,1698519599999,7983.4881,58,25214.0,5274.6017,0
1698519600000,0.2089,0.2096,0.2085,0.2093,118499.0,1698520499999,24774.2595,157,51834.0,10844.8156,0
1698520500000,0.2092,0.2093,0.2086,0.2089,53115.0,1698521399999,11095.9483,94,10459.0,2184.6167,0
1698521400000,0.2088,0.2088,0.2081,0.2087,32027.0,1698522299999,6674.9887,55,4094.0,853.7297,0
1698522300000,0.2085,0.2088,0.2079,0.2079,56459.0,1698523199999,11764.8131,66,10140.0,2115.7661,0
1698523200000,0.2081,0.2096,0.208,0.2094,99314.0,1698524099999,20724.8334,144,68941.0,14376.3532,0
1698524100000,0.2094,0.2109,0.2094,0.2102,199106.0,1698524999999,41898.347,284,110546.0,23261.364,0
1698525000000,0.2102,0.2108,0.2101,0.2102,66610.0,1698525899999,14017.0204,93,21974.0,4625.7233,0
1698525900000,0.2103,0.2103,0.2094,0.2098,58271.0,1698526799999,12231.9437,90,24811.0,5207.9181,0
1698526800000,0.2099,0.211,0.2099,0.2106,97634.0,1698527699999,20561.9951,138,68033.0,14328.428,0
1698527700000,0.2107,0.2107,0.21,0.2103,50896.0,1698528599999,10705.8613,68,6003.0,1262.6078,0
1698528600000,0.2103,0.2109,0.2103,0.2107,21303.0,1698529499999,4486.2985,56,13373.0,2816.5118,0
1698529500000,0.2107,0.2113,0.2104,0.2113,46050.0,1698530399999,9701.3373,104,23229.0,4896.6555,0
1698530400000,0.211,0.2112,0.2102,0.2106,73911.0,1698531299999,15557.37,135,26954.0,5674.3922,0
1698531300000,0.2105,0.2105,0.2083,0.2085,182598.0,1698532199999,38157.9644,213,45363.0,9484.535,0
1698532200000,0.2085,0.2097,0.2082,0.2097,83904.0,1698533099999,17544.4268,195,43886.0,9170.7837,0
1698533100000,0.2095,0.2097,0.2091,0.2091,30800.0,1698533999999,6452.553,53,3630.0,760.7193,0
1698534000000,0.2092,0.2094,0.2084,0.209,64894.0,1698534899999,13561.5723,125,17345.0,3626.4606,0
1698534900000,0.2089,0.2093,0.2088,0.2092,53136.0,1698535799999,11108.3269,67,26214.0,5481.615,0
1698535800000,0.2092,0.2093,0.2087,0.2089,94261.0,1698536699999,19692.1665,124,40318.0,8425.6379,0
1698536700000,0.2088,0.2094,0.2086,0.2094,39934.0,1698537599999,8344.771,77,23477.0,4907.2191,0
1698537600000,0.2094,0.2167,0.2093,0.2139,3084773.0,1698538499999,661216.8429,4497,2046686.0,438903.708,0
1698538500000,0.2139,0.2168,0.2132,0.2133,1111655.0,1698539399999,239017.028,1229,601005.0,129356.9945,0
1698539400000,0.2134,0.2175,0.2131,0.2173,945789.0,1698540299999,203676.6618,1212,541202.0,116608.2019,0
1698540300000,0.2168,0.2216,0.2145,0.2154,2889260.0,1698541199999,632180.9976,3979,1548865.0,339268.6229,0
1698541200000,0.2155,0.2182,0.2152,0.2159,781911.0,1698542099999,169312.9243,1124,442219.0,95795.3288,0
1698542100000,0.216,0.2169,0.2129,0.2149,794701.0,1698542999999,170728.8543,1072,363112.0,77973.7132,0
1698543000000,0.2149,0.2184,0.2149,0.218,744487.0,1698543899999,161672.3401,640,454821.0,98747.8888,0
1698543900000,0.2178,0.2195,0.2171,0.2171,447980.0,1698544799999,97801.0782,566,153430.0,33511.3981,0
1698544800000,0.2171,0.2223,0.2163,0.2204,1835527.0,1698545699999,404740.7408,2252,1012350.0,223207.645,0
1698545700000,0.2205,0.2206,0.2184,0.2196,637428.0,1698546599999,139863.1453,652,320965.0,70387.2144,0
1698546600000,0.2196,0.2204,0.2179,0.2187,242861.0,1698547499999,53146.7329,376,88435.0,19352.0858,0
1698547500000,0.2186,0.2218,0.2166,0.2209,1421866.0,1698548399999,312279.7826,1398,755190.0,166089.4577,0
1698548400000,0.2209,0.2213,0.2185,0.219,406508.0,1698549299999,89320.038,667,186337.0,40914.6643,0
1698549300000,0.219,0.2213,0.2188,0.2197,253706.0,1698550199999,55883.1748,328,110305.0,24305.8705,0
1698550200000,0.2196,0.2213,0.2176,0.2206,476231.0,1698551099999,104466.225,737,245466.0,53893.8558,0
1698551100000,0.2206,0.2254,0.2202,0.2233,2418090.0,1698551999999,540737.8581,2773,1731564.0,387253.8625,0
1698552000000,0.2235,0.2256,0.2224,0.2224,1352413.0,1698552899999,303419.1752,2182,773224.0,173598.548,0
1698552900000,0.2226,0.2234,0.2192,0.2203,618825.0,1698553799999,136851.4201,1067,223215.0,49413.0844,0
1698553800000,0.2203,0.2204,0.2183,0.2184,349071.0,1698554699999,76544.0015,530,110134.0,24147.7096,0
1698554700000,0.2186,0.2202,0.2182,0.219,298196.0,1698555599999,65400.0308,510,153638.0,33706.293,0
1698555600000,0.2193,0.2195,0.2182,0.2195,126646.0,1698556499999,27732.2008,216,60364.0,13220.2615,0
1698556500000,0.2194,0.2206,0.219,0.2204,210138.0,1698557399999,46219.2816,238,123747.0,27235.4683,0
1698557400000,0.2203,0.2219,0.2188,0.2215,929405.0,1698558299999,205190.8246,1265,706074.0,156011.6252,0
1698558300000,0.2215,0.2233,0.2207,0.2219,1110679.0,1698559199999,246889.9661,1583,728083.0,161913.2843,0
1698559200000,0.2219,0.2265,0.2213,0.2244,1054612.0,1698560099999,236300.3964,1883,580329.0,130062.5472,0
1698560100000,0.2246,0.2258,0.2221,0.2227,418516.0,1698560999999,93591.3157,892,172619.0,38593.4288,0
1698561000000,0.223,0.2231,0.2208,0.2211,252178.0,1698561899999,55893.956,458,66657.0,14775.3447,0
1698561900000,0.2212,0.2224,0.2208,0.2218,161406.0,1698562799999,35775.1444,300,58483.0,12965.2288,0
1698562800000,0.222,0.2232,0.221,0.2228,655113.0,1698563699999,145370.4115,788,386611.0,85840.0534,0
1698563700000,0.2228,0.2233,0.2179,0.2182,600358.0,1698564599999,132035.881,913,165115.0,36389.2527,0
1698564600000,0.2182,0.2184,0.217,0.217,607764.0,1698565499999,132331.0157,419,127880.0,27856.6008,0
1698565500000,0.217,0.2175,0.2145,0.2157,649441.0,1698566399999,140094.1773,905,275205.0,59417.4881,0
1698566400000,0.2157,0.2161,0.2137,0.2144,450538.0,1698567299999,96655.7946,605,198251.0,42522.582,0
1698567300000,0.2143,0.2143,0.2109,0.2128,860107.0,1698568199999,182753.9662,1096,273590.0,58151.1707,0
1698568200000,0.2128,0.2133,0.2114,0.2119,380548.0,1698569099999,80712.8592,450,162629.0,34493.7184,0
1698569100000,0.2119,0.2129,0.2117,0.2128,160571.0,1698569999999,34081.5533,227,57073.0,12117.6511,0
1698570000000,0.2128,0.2135,0.2121,0.2134,211696.0,1698570899999,45047.7582,265,99455.0,21175.1572,0
1698570900000,0.2134,0.2134,0.2118,0.2118,161978.0,1698571799999,34407.8007,169,61477.0,13055.7213,0
1698571800000,0.2118,0.2128,0.2115,0.2117,124955.0,1698572699999,26504.5342,186,45647.0,9686.7447,0
1698572700000,0.2116,0.2117,0.2084,0.2088,760158.0,1698573599999,159460.3078,567,264471.0,55492.9335,0
1698573600000,0.2088,0.2092,0.2075,0.2079,316350.0,1698574499999,65956.6283,282,112694.0,23519.9841,0
1698574500000,0.2079,0.2079,0.2068,0.2077,271941.0,1698575399999,56397.2343,344,149907.0,31085.8755,0
1698575400000,0.2077,0.208,0.2071,0.2079,135863.0,1698576299999,28216.3593,122,42182.0,8764.7144,0
1698576300000,0.2079,0.2086,0.2075,0.2084,184181.0,1698577199999,38345.9103,139,120642.0,25111.2819,0
1698577200000,0.2085,0.2087,0.2081,0.2081,73693.0,1698578099999,15356.8134,72,30488.0,6354.6173,0
1698578100000,0.2079,0.2095,0.2079,0.2092,65449.0,1698578999999,13669.7607,94,34075.0,7126.2032,0
1698579000000,0.2094,0.2106,0.2088,0.2104,107843.0,1698579899999,22626.1794,230,68030.0,14277.6459,0
1698579900000,0.2103,0.2106,0.2089,0.2089,117290.0,1698580799999,24602.5198,133,24228.0,5078.6176,0
1698580800000,0.2091,0.2092,0.2084,0.2085,62028.0,1698581699999,12944.0668,100,15954.0,3330.6635,0
1698581700000,0.2084,0.2095,0.2083,0.2094,66937.0,1698582599999,13993.6999,102,53192.0,11121.202,0
1698582600000,0.2093,0.2097,0.2091,0.2097,78117.0,1698583499999,16356.1659,112,30417.0,6371.5294,0
1698583500000,0.2097,0.2101,0.2094,0.2094,54834.0,1698584399999,11499.1211,81,15492.0,3250.6294,0
1698584400000,0.2095,0.2095,0.2081,0.2082,133349.0,1698585299999,27833.4428,168,54289.0,11332.7383,0
1698585300000,0.2082,0.2084,0.2072,0.2073,210315.0,1698586199999,43706.3587,294,69606.0,14464.072,0
1698586200000,0.2073,0.2076,0.2038,0.2041,626460.0,1698587099999,128565.8319,907,181638.0,37268.7713,0
1698587100000,0.2041,0.2056,0.2038,0.2048,239577.0,1698587999999,49033.7949,334,80071.0,16379.3796,0
1698588000000,0.2049,0.2051,0.204,0.2045,251650.0,1698588899999,51448.6409,265,73924.0,15122.2416,0
1698588900000,0.2045,0.2051,0.2038,0.204,220606.0,1698589799999,45108.35,234,44881.0,9180.5332,0
1698589800000,0.204,0.2046,0.2035,0.2041,300392.0,1698590699999,61272.4211,338,127367.0,25984.4507,0
1698590700000,0.2041,0.2042,0.2034,0.2041,57441.0,1698591599999,11706.1173,126,24006.0,4894.1508,0
1698591600000,0.204,0.2048,0.204,0.2044,201068.0,1698592499999,41076.013,259,72762.0,14869.1412,0
1698592500000,0.2044,0.205,0.2042,0.205,65460.0,1698593399999,13389.3528,109,32651.0,6680.4339,0
1698593400000,0.205,0.2051,0.2041,0.2046,116257.0,1698594299999,23773.9073,155,35036.0,7164.2995,0
1698594300000,0.2046,0.2048,0.2037,0.2041,73184.0,1698595199999,14948.9376,116,37656.0,7688.0096,0
1698595200000,0.2042,0.2059,0.2038,0.2056,204643.0,1698596099999,41917.1395,319,102304.0,20961.7657,0
1698596100000,0.2056,0.2056,0.2048,0.2051,126925.0,1698596999999,26032.2106,121,70041.0,14361.3112,0
1698597000000,0.2051,0.2059,0.2051,0.2057,63850.0,1698597899999,13124.058,124,36712.0,7547.3488,0
1698597900000,0.2056,0.2058,0.2043,0.2043,126567.0,1698598799999,25953.8768,184,23334.0,4784.935,0
1698598800000,0.2045,0.2051,0.2042,0.2051,78818.0,1698599699999,16122.7513,116,62025.0,12687.2312,0
1698599700000,0.2052,0.2061,0.2051,0.2059,57875.0,1698600599999,11905.683,121,36169.0,7442.8725,0
1698600600000,0.2058,0.2067,0.2056,0.206,149862.0,1698601499999,30902.1687,223,82820.0,17087.6138,0
1698601500000,0.2062,0.2062,0.2054,0.2055,59219.0,1698602399999,12188.946,84,9555.0,1967.4288,0
1698602400000,0.2057,0.207,0.2057,0.2067,114416.0,1698603299999,23627.2607,147,85891.0,17732.8542,0
1698603300000,0.2067,0.2068,0.2058,0.2059,42131.0,1698604199999,8693.5501,117,17814.0,3674.9821,0
1698604200000,0.206,0.2063,0.2052,0.2052,52663.0,1698605099999,10827.7528,96,6245.0,1284.9859,0
1698605100000,0.2053,0.206,0.2053,0.2059,50120.0,1698605999999,10312.807,106,24841.0,5113.0756,0
1698606000000,0.2059,0.206,0.2052,0.2054,74668.0,1698606899999,15344.8014,132,27950.0,5745.4805,0
1698606900000,0.2054,0.2055,0.2047,0.2048,71887.0,1698607799999,14739.8511,81,4464.0,914.9509,0
1698607800000,0.2049,0.206,0.2049,0.206,84679.0,1698608699999,17411.6379,108,49625.0,10203.6708,0
1698608700000,0.2059,0.2059,0.2051,0.2056,85664.0,1698609599999,17597.1054,81,20357.0,4179.0453,0
1698609600000,0.2055,0.2061,0.2054,0.2061,29440.0,1698610499999,6060.5906,87,15336.0,3156.6941,0
1698610500000,0.206,0.2062,0.2055,0.2057,43783.0,1698611399999,9012.9428,60,19295.0,3970.7407,0
1698611400000,0.2056,0.2062,0.2055,0.2059,81216.0,1698612299999,16722.2197,91,57311.0,11801.3884,0
1698612300000,0.2059,0.2062,0.2054,0.2055,31023.0,1698613199999,6384.1681,55,14134.0,2908.2117,0
1698613200000,0.2057,0.206,0.2054,0.206,56800.0,1698614099999,11685.1755,70,24152.0,4969.3423,0
1698614100000,0.2059,0.206,0.2055,0.2057,43901.0,1698614999999,9033.7142,48,7092.0,1459.8261,0
1698615000000,0.2056,0.206,0.2056,0.2059,19327.0,1698615899999,3979.1132,51,10898.0,2243.7624,0
1698615900000,0.2059,0.206,0.2045,0.2048,83331.0,1698616799999,17121.1185,114,13373.0,2743.6752,0
1698616800000,0.2049,0.2064,0.2048,0.2063,48064.0,1698617699999,9888.4883,84,26023.0,5354.2328,0
1698617700000,0.2062,0.2073,0.206,0.2072,113713.0,1698618599999,23486.47,122,61093.0,12623.231,0
1698618600000,0.2073,0.2073,0.2065,0.2069,40468.0,1698619499999,8374.6496,62,12798.0,2647.9856,0
1698619500000,0.2071,0.2079,0.2067,0.2067,85100.0,1698620399999,17635.3356,106,39548.0,8197.842,0
1698620400000,0.2069,0.2073,0.2066,0.2066,35989.0,1698621299999,7450.7865,44,17016.0,3523.3917,0
1698621300000,0.2067,0.2071,0.2065,0.2065,17597.0,1698622199999,3638.3336,43,5187.0,1073.2685,0
1698622200000,0.2064,0.2064,0.2057,0.206,53106.0,1698623099999,10944.489,87,25496.0,5256.1477,0
1698623100000,0.206,0.2068,0.2056,0.2068,69061.0,1698623999999,14226.8189,102,26232.0,5403.514,0
1698624000000,0.207,0.2071,0.2053,0.2059,311035.0,1698624899999,64049.9833,332,152174.0,31323.0106,0
1698624900000,0.2056,0.206,0.2041,0.2042,203641.0,1698625799999,41709.4791,235,35060.0,7178.4122,0
1698625800000,0.2043,0.2044,0.202,0.2026,373603.0,1698626699999,75923.7478,575,157462.0,32001.1224,0
1698626700000,0.2027,0.2038,0.2025,0.203,242171.0,1698627599999,49167.3923,316,90538.0,18380.1643,0
1698627600000,0.2031,0.2052,0.203,0.2045,165133.0,1698628499999,33738.7076,242,85201.0,17388.856,0
1698628500000,0.2045,0.2047,0.2026,0.2026,341754.0,1698629399999,69511.7699,263,68041.0,13870.039,0
1698629400000,0.2027,0.2027,0.2015,0.2019,763223.0,1698630299999,154039.5487,551,158243.0,31964.8111,0
1698630300000,0.2018,0.2023,0.2016,0.2018,135691.0,1698631199999,27400.0163,174,70527.0,14244.4687,0
1698631200000,0.2018,0.2023,0.2009,0.2015,286852.0,1698632099999,57877.6473,379,159140.0,32123.7564,0
1698632100000,0.2015,0.2021,0.2006,0.201,431766.0,1698632999999,86785.7935,381,200118.0,40253.3279,0
1698633000000,0.201,0.2015,0.2007,0.2011,258481.0,1698633899999,51991.5159,191,162480.0,32695.9924,0
1698633900000,0.201,0.2019,0.201,0.2014,165945.0,1698634799999,33452.0228,116,151724.0,30583.6088,0
1698634800000,0.2015,0.2021,0.2011,0.2021,46296.0,1698635699999,9328.9752,78,39361.0,7932.1498,0
1698635700000,0.2019,0.2023,0.2018,0.2019,54494.0,1698636599999,11004.5963,81,26904.0,5434.7829,0
1698636600000,0.2019,0.2022,0.2011,0.2014,74478.0,1698637499999,15018.0563,131,41249.0,8319.6127,0
1698637500000,0.2014,0.2016,0.2009,0.2012,74297.0,1698638399999,14944.6456,121,39782.0,8004.1409,0
1698638400000,0.201,0.202,0.201,0.202,149155.0,1698639299999,30071.7643,151,101741.0,20514.2867,0
1698639300000,0.2019,0.2023,0.2018,0.2023,81681.0,1698640199999,16512.2165,142,57496.0,11626.1622,0
1698640200000,0.2023,0.2023,0.2017,0.2019,93689.0,1698641099999,18919.349,168,50591.0,10219.6792,0
1698641100000,0.2019,0.2022,0.2015,0.2019,65396.0,1698641999999,13199.5415,123,43690.0,8819.0786,0
1698642000000,0.202,0.2021,0.2017,0.2018,99940.0,1698642899999,20181.5164,135,37734.0,7620.9114,0
1698642900000,0.2018,0.2019,0.2007,0.2011,237356.0,1698643799999,47837.3175,312,67978.0,13695.7042,0
1698643800000,0.2011,0.2017,0.201,0.2014,91000.0,1698644699999,18333.5584,164,48594.0,9789.2331,0
1698644700000,0.2013,0.2017,0.201,0.2012,83593.0,1698645599999,16837.2736,180,48347.0,9739.6039,0
1698645600000,0.2015,0.2015,0.1994,0.2,358967.0,1698646499999,71867.0226,798,134260.0,26887.6057,0
1698646500000,0.2001,0.2016,0.2001,0.201,165248.0,1698647399999,33177.0646,326,93689.0,18812.1594,0
1698647400000,0.201,0.2012,0.2005,0.2008,164126.0,1698648299999,32966.5077,234,95710.0,19223.3216,0
1698648300000,0.2008,0.2012,0.2008,0.2012,180528.0,1698649199999,36281.0662,188,134001.0,26926.5394,0
1698649200000,0.2012,0.2019,0.2011,0.2017,135671.0,1698650099999,27337.5472,181,97097.0,19568.9631,0
1698650100000,0.2019,0.2019,0.2002,0.2006,230857.0,1698650999999,46427.7132,431,122310.0,24595.6186,0
1698651000000,0.2006,0.201,0.2,0.2004,221327.0,1698651899999,44354.7735,380,102705.0,20585.0945,0
1698651900000,0.2003,0.2006,0.1995,0.1997,234871.0,1698652799999,46994.0051,375,98640.0,19740.8978,0
1698652800000,0.1997,0.2004,0.1989,0.2002,306082.0,1698653699999,61083.7272,425,114034.0,22758.2301,0
1698653700000,0.2002,0.2008,0.1995,0.2002,448800.0,1698654599999,89817.2387,498,129661.0,25980.0504,0
1698654600000,0.2001,0.202,0.1997,0.2015,422757.0,1698655499999,84805.7822,515,142645.0,28649.7107,0
1698655500000,0.2015,0.2025,0.2011,0.2021,373699.0,1698656399999,75380.4358,370,270661.0,54612.6013,0
1698656400000,0.2021,0.2031,0.2021,0.2022,280120.0,1698657299999,56768.1392,376,144424.0,29276.6202,0
1698657300000,0.2023,0.2029,0.2022,0.2026,132563.0,1698658199999,26861.4709,193,91919.0,18627.8411,0
1698658200000,0.2026,0.2031,0.2023,0.2029,151021.0,1698659099999,30599.3456,195,83807.0,16977.1239,0
1698659100000,0.2029,0.2029,0.2021,0.2021,119824.0,1698659999999,24247.331,146,32085.0,6492.9468,0
1698660000000,0.2022,0.2026,0.2012,0.2013,121343.0,1698660899999,24489.3413,229,49352.0,9967.0552,0
1698660900000,0.2012,0.2027,0.2012,0.2027,191546.0,1698661799999,38724.5647,231,131445.0,26584.3494,0
1698661800000,0.2028,0.204,0.2028,0.2035,272215.0,1698662699999,55378.9179,466,103067.0,20970.8503,0
1698662700000,0.2034,0.2036,0.2027,0.2029,52348.0,1698663599999,10631.3542,99,28890.0,5865.7806,0
1698663600000,0.2032,0.2035,0.2026,0.2026,140750.0,1698664499999,28580.4335,166,66038.0,13410.0895,0
1698664500000,0.2026,0.2029,0.202,0.2022,42918.0,1698665399999,8689.0649,75,17677.0,3578.8607,0
1698665400000,0.2022,0.2027,0.202,0.2025,109860.0,1698666299999,22225.8112,187,54164.0,10960.2771,0
1698666300000,0.2027,0.2029,0.202,0.2022,61165.0,1698667199999,12376.1053,120,27739.0,5613.5615,0
1698667200000,0.2023,0.2027,0.2018,0.2024,176580.0,1698668099999,35730.8038,238,100573.0,20356.7909,0
1698668100000,0.2024,0.2036,0.2023,0.2034,87881.0,1698668999999,17830.5135,152,32270.0,6550.7891,0
1698669000000,0.2036,0.2036,0.2027,0.2029,134111.0,1698669899999,27210.5669,151,98371.0,19956.5563,0
1698669900000,0.2029,0.2031,0.2016,0.2022,116917.0,1698670799999,23650.9336,199,41560.0,8404.7974,0
1698670800000,0.2022,0.2022,0.2014,0.2021,118658.0,1698671699999,23934.1573,195,67106.0,13538.7889,0
1698671700000,0.2021,0.2027,0.202,0.202,122236.0,1698672599999,24736.3762,169,33723.0,6826.79,0
1698672600000,0.202,0.2026,0.202,0.2024,19123.0,1698673499999,3867.436,45,9027.0,1825.1295,0
1698673500000,0.2023,0.2025,0.2017,0.2018,67413.0,1698674399999,13618.3094,100,28192.0,5692.2099,0
1698674400000,0.2018,0.2025,0.2018,0.2023,130679.0,1698675299999,26409.6416,142,99365.0,20083.0444,0
1698675300000,0.2023,0.2029,0.2015,0.2018,187462.0,1698676199999,37888.8184,209,45428.0,9189.2536,0
1698676200000,0.2017,0.2023,0.2011,0.2013,104170.0,1698677099999,20986.8891,142,39768.0,8013.3349,0
1698677100000,0.2013,0.2019,0.2012,0.2014,81996.0,1698677999999,16518.4099,178,37845.0,7624.4692,0
1698678000000,0.2014,0.2024,0.2013,0.2017,96204.0,1698678899999,19443.5377,162,70895.0,14332.8252,0
1698678900000,0.2017,0.2021,0.2011,0.2013,76844.0,1698679799999,15482.7004,118,29774.0,5999.1234,0
1698679800000,0.2014,0.202,0.2013,0.2019,38053.0,1698680699999,7678.7464,63,17389.0,3509.4002,0
1698680700000,0.202,0.2023,0.2018,0.2022,76315.0,1698681599999,15417.6585,62,54273.0,10963.6813,0
1698681600000,0.2022,0.2026,0.2018,0.2021,170213.0,1698682499999,34426.6058,127,93039.0,18824.4487,0
1698682500000,0.2021,0.2021,0.2013,0.2015,27164.0,1698683399999,5473.8433,42,7918.0,1596.4518,0
1698683400000,0.2016,0.2019,0.2009,0.201,26685.0,1698684299999,5373.278,62,8252.0,1661.8346,0
1698684300000,0.2011,0.2018,0.2011,0.2017,15410.0,1698685199999,3106.5127,33,4691.0,945.6651,0
1698685200000,0.2017,0.2019,0.1994,0.1998,414476.0,1698686099999,83128.2503,686,126854.0,25439.3133,0
1698686100000,0.1997,0.2002,0.1978,0.1999,417845.0,1698686999999,83092.2954,895,178575.0,35515.9965,0
1698687000000,0.2001,0.2008,0.2,0.2003,97930.0,1698687899999,19624.5883,181,34422.0,6900.6428,0
1698687900000,0.2003,0.2008,0.2003,0.2004,10337.0,1698688799999,2072.9816,25,2759.0,553.4853,0
1698688800000,0.2004,0.2011,0.2003,0.201,43843.0,1698689699999,8805.7655,60,19977.0,4011.9517,0
1698689700000,0.2009,0.2009,0.2002,0.2005,45861.0,1698690599999,9195.6705,64,17879.0,3584.9262,0
1698690600000,0.2003,0.201,0.2002,0.2006,43309.0,1698691499999,8691.5608,46,35563.0,7137.7623,0
1698691500000,0.2007,0.2012,0.2004,0.2005,32965.0,1698692399999,6621.2264,69,19746.0,3967.0624,0
1698692400000,0.2005,0.201,0.2004,0.2007,73261.0,1698693299999,14699.4059,83,16681.0,3346.805,0
1698693300000,0.2007,0.2016,0.2006,0.2016,54660.0,1698694199999,10985.3542,93,29132.0,5854.7736,0
1698694200000,0.2017,0.2023,0.2016,0.202,73428.0,1698695099999,14822.2238,138,17510.0,3536.2321,0
1698695100000,0.202,0.2025,0.2015,0.2018,57437.0,1698695999999,11606.7135,122,34134.0,6900.2863,0
1698696000000,0.2018,0.2019,0.2011,0.2015,63803.0,1698696899999,12864.6197,76,36158.0,7297.0195,0
1698696900000,0.2016,0.2016,0.2007,0.2007,34863.0,1698697799999,7004.757,43,8886.0,1785.1884,0
1698697800000,0.2008,0.2022,0.2008,0.2019,110766.0,1698698699999,22357.2865,84,49315.0,9945.928,0
1698698700000,0.202,0.2022,0.2018,0.2022,36863.0,1698699599999,7446.1093,68,18327.0,3703.0695,0
1698699600000,0.2021,0.2027,0.202,0.202,62951.0,1698700499999,12736.0208,120,40546.0,8200.678,0
1698700500000,0.2021,0.2035,0.202,0.2029,71634.0,1698701399999,14535.2428,192,33867.0,6875.4667,0
1698701400000,0.2028,0.2034,0.2028,0.2032,35844.0,1698702299999,7279.7424,63,16111.0,3271.3678,0
1698702300000,0.2033,0.2034,0.2029,0.2031,54325.0,1698703199999,11039.4084,59,22675.0,4607.1267,0
1698703200000,0.2032,0.2032,0.2022,0.2024,45423.0,1698704099999,9211.6402,90,22672.0,4599.828,0
1698704100000,0.2023,0.2025,0.2017,0.202,29971.0,1698704999999,6053.4493,41,5788.0,1169.3292,0
1698705000000,0.2021,0.2028,0.2021,0.2028,28131.0,1698705899999,5695.3777,51,18733.0,3793.2417,0
1698705900000,0.2027,0.2027,0.2021,0.2024,28108.0,1698706799999,5688.1883,46,9154.0,1853.1026,0
1698706800000,0.2024,0.2026,0.202,0.2025,76612.0,1698707699999,15506.1515,47,66290.0,13416.3801,0
1698707700000,0.2024,0.2025,0.2019,0.2021,12366.0,1698708599999,2500.9243,33,9271.0,1875.1941,0
1698708600000,0.2021,0.2026,0.2018,0.2023,23912.0,1698709499999,4837.3119,43,10486.0,2121.9878,0
1698709500000,0.2024,0.2029,0.2023,0.2027,64832.0,1698710399999,13136.7206,91,27474.0,5570.2268,0
1698710400000,0.2027,0.2059,0.2024,0.2035,898634.0,1698711299999,183385.7475,1359,433498.0,88435.0907,0
1698711300000,0.2036,0.2043,0.2033,0.2039,115851.0,1698712199999,23602.4096,167,67761.0,13809.0378,0
1698712200000,0.2041,0.2048,0.2036,0.2045,89260.0,1698713099999,18225.9993,147,29356.0,5995.2786,0
1698713100000,0.2043,0.2043,0.2028,0.2034,118639.0,1698713999999,24126.4358,237,44365.0,9024.3518,0
1698714000000,0.2036,0.2038,0.2026,0.2027,48046.0,1698714899999,9756.7203,71,22260.0,4522.7739,0
1698714900000,0.2027,0.2028,0.2021,0.2025,44581.0,1698715799999,9022.6896,71,16993.0,3438.7447,0
1698715800000,0.2024,0.203,0.2021,0.203,57527.0,1698716699999,11644.8436,93,36087.0,7306.9346,0
1698716700000,0.203,0.2035,0.2028,0.2032,22942.0,1698717599999,4659.4675,31,4774.0,969.6207,0
1698717600000,0.2035,0.2036,0.2026,0.2028,52189.0,1698718499999,10601.7793,65,16567.0,3365.1806,0
1698718500000,0.2028,0.203,0.2014,0.2022,58291.0,1698719399999,11779.0069,112,24205.0,4887.7875,0
1698719400000,0.2022,0.2023,0.2013,0.2014,26567.0,1698720299999,5353.9539,53,12562.0,2532.1867,0
1698720300000,0.2013,0.2018,0.2005,0.2017,45122.0,1698721199999,9067.5959,116,25127.0,5049.1428,0
1698721200000,0.2017,0.2019,0.2011,0.2011,77955.0,1698722099999,15716.2254,104,28337.0,5712.8186,0
1698722100000,0.2011,0.2013,0.2008,0.2011,42861.0,1698722999999,8614.6115,78,16040.0,3224.4514,0
1698723000000,0.201,0.2013,0.2004,0.2005,27313.0,1698723899999,5480.5491,41,9109.0,1828.7976,0
1698723900000,0.2008,0.2008,0.2003,0.2006,18252.0,1698724799999,3660.3519,38,9802.0,1966.1164,0
1698724800000,0.2007,0.2009,0.1997,0.2009,111344.0,1698725699999,22301.0917,352,25091.0,5028.9756,0
1698725700000,0.201,0.2021,0.201,0.202,48429.0,1698726599999,9752.8511,73,20467.0,4124.3796,0
1698726600000,0.2018,0.2022,0.2014,0.2016,38722.0,1698727499999,7813.5401,72,12054.0,2432.256,0
1698727500000,0.2014,0.2017,0.2013,0.2014,30223.0,1698728399999,6091.4993,44,21495.0,4333.0782,0
1698728400000,0.2015,0.2017,0.2003,0.2006,37396.0,1698729299999,7516.4884,85,13720.0,2758.9231,0
1698729300000,0.2004,0.2012,0.2001,0.201,39569.0,1698730199999,7940.9204,62,15790.0,3168.5764,0
1698730200000,0.2009,0.2016,0.2008,0.2016,40495.0,1698731099999,8140.2861,70,8140.0,1637.3098,0
1698731100000,0.2017,0.2026,0.2017,0.2021,125488.0,1698731999999,25389.4883,100,50033.0,10124.2128,0
1698732000000,0.2022,0.2025,0.2019,0.2024,46303.0,1698732899999,9364.3941,65,19146.0,3871.0052,0
1698732900000,0.2023,0.2024,0.2011,0.2012,102146.0,1698733799999,20587.5849,100,47327.0,9533.9888,0
1698733800000,0.2012,0.2014,0.1998,0.201,159194.0,1698734699999,31882.8534,174,93576.0,18713.9568,0
1698734700000,0.2009,0.2009,0.1999,0.2004,85180.0,1698735599999,17051.6744,67,19820.0,3974.1757,0
1698735600000,0.2003,0.2008,0.2,0.2004,32858.0,1698736499999,6583.2074,56,16391.0,3284.3491,0
1698736500000,0.2005,0.2007,0.1994,0.1997,209660.0,1698737399999,41902.0671,251,137734.0,27529.9079,0
1698737400000,0.1995,0.2002,0.1989,0.2,168374.0,1698738299999,33571.8981,230,112880.0,22512.4802,0
1698738300000,0.1999,0.1999,0.1988,0.1989,122406.0,1698739199999,24394.758,122,35396.0,7054.0831,0
1698739200000,0.1989,0.1991,0.1955,0.1985,762757.0,1698740099999,150667.9288,813,334991.0,66152.56,0
1698740100000,0.1984,0.1998,0.1984,0.1996,113643.0,1698740999999,22616.3552,173,74834.0,14890.9261,0
1698741000000,0.1997,0.2004,0.1995,0.2004,62496.0,1698741899999,12492.1265,109,28113.0,5621.5641,0
1698741900000,0.2004,0.2009,0.2004,0.2009,85937.0,1698742799999,17256.4311,83,28833.0,5788.8377,0
1698742800000,0.2008,0.2014,0.2005,0.2013,175207.0,1698743699999,35223.3279,143,97730.0,19659.2005,0
1698743700000,0.2012,0.2012,0.2001,0.2004,58334.0,1698744599999,11689.7777,85,18207.0,3648.8912,0
1698744600000,0.2002,0.2007,0.2002,0.2002,67094.0,1698745499999,13443.4686,77,27489.0,5509.5136,0
1698745500000,0.2003,0.2012,0.2002,0.2011,29169.0,1698746399999,5853.0397,43,10356.0,2078.6498,0
1698746400000,0.201,0.201,0.2001,0.2001,120181.0,1698747299999,24095.7058,214,44112.0,8846.3203,0
1698747300000,0.2001,0.201,0.2001,0.2005,118348.0,1698748199999,23755.3434,128,87288.0,17522.9863,0
1698748200000,0.2005,0.2011,0.2005,0.201,140012.0,1698749099999,28121.0137,85,120735.0,24249.4833,0
1698749100000,0.201,0.2011,0.1998,0.1999,133371.0,1698749999999,26724.3349,157,22389.0,4484.2162,0
1698750000000,0.2,0.2004,0.1996,0.2,224674.0,1698750899999,44931.9896,173,56285.0,11261.379,0
1698750900000,0.1999,0.2005,0.1998,0.2002,98745.0,1698751799999,19768.8532,108,21275.0,4260.6419,0
1698751800000,0.2001,0.2012,0.2001,0.2004,50097.0,1698752699999,10054.4941,109,24336.0,4888.1062,0
1698752700000,0.2006,0.2011,0.2003,0.2003,85785.0,1698753599999,17217.4463,76,15753.0,3162.112,0
1698753600000,0.2003,0.2009,0.2003,0.2005,45072.0,1698754499999,9045.1471,77,23160.0,4648.8995,0
1698754500000,0.2004,0.2004,0.1984,0.1987,154747.0,1698755399999,30850.3406,242,41205.0,8213.1436,0
1698755400000,0.1986,0.199,0.1972,0.1974,168300.0,1698756299999,33361.9951,293,65475.0,12976.8504,0
1698756300000,0.1976,0.1976,0.1963,0.1969,189134.0,1698757199999,37217.2641,352,84726.0,16675.8724,0
1698757200000,0.1968,0.1976,0.1963,0.1968,199873.0,1698758099999,39316.7919,373,62231.0,12246.629,0
1698758100000,0.1968,0.1974,0.1963,0.1967,57268.0,1698758999999,11264.1925,121,26789.0,5270.0071,0
1698759000000,0.1969,0.197,0.1955,0.1958,158527.0,1698759899999,31067.321,295,64031.0,12551.0937,0
1698759900000,0.1959,0.1965,0.1927,0.1945,607526.0,1698760799999,118216.8106,882,281551.0,54811.5141,0
1698760800000,0.1945,0.1957,0.1932,0.1953,302661.0,1698761699999,58899.528,427,179741.0,34980.2994,0
1698761700000,0.1953,0.1958,0.1943,0.1946,123792.0,1698762599999,24137.441,191,34346.0,6697.7174,0
1698762600000,0.1945,0.1949,0.1935,0.1944,76349.0,1698763499999,14809.6709,147,33619.0,6520.7783,0
1698763500000,0.1944,0.1949,0.1938,0.1943,77959.0,1698764399999,15142.6445,116,32482.0,6312.9784,0
1698764400000,0.1943,0.1949,0.1906,0.1923,691119.0,1698765299999,133158.3905,972,277104.0,53413.5768,0
1698765300000,0.1924,0.1925,0.1887,0.1919,690001.0,1698766199999,131571.3906,1057,266484.0,50819.7329,0
1698766200000,0.192,0.1939,0.1915,0.192,240623.0,1698767099999,46423.272,372,146629.0,28302.3047,0
1698767100000,0.192,0.1937,0.192,0.1933,97737.0,1698767999999,18860.7977,148,53006.0,10223.5841,0
1698768000000,0.1933,0.1944,0.1924,0.1939,143897.0,1698768899999,27858.3934,166,53310.0,10322.247,0
1698768900000,0.1939,0.1958,0.1939,0.1955,113550.0,1698769799999,22164.5928,182,47474.0,9263.1696,0
1698769800000,0.1956,0.1974,0.1953,0.1969,155451.0,1698770699999,30525.0279,271,65820.0,12912.5608,0
1698770700000,0.1969,0.1978,0.1965,0.1976,96548.0,1698771599999,19029.6566,138,52046.0,10258.0258,0
1698771600000,0.1976,0.1984,0.1968,0.1981,123598.0,1698772499999,24447.198,248,64968.0,12854.4487,0
1698772500000,0.1982,0.1993,0.1982,0.1992,134541.0,1698773399999,26749.2331,251,92790.0,18446.898,0
1698773400000,0.1992,0.1992,0.1982,0.1987,67033.0,1698774299999,13317.559,114,32026.0,6363.5615,0
1698774300000,0.1988,0.1999,0.1984,0.1996,120135.0,1698775199999,23939.7111,228,73166.0,14587.0395,0
1698775200000,0.1995,0.2011,0.1994,0.2002,230261.0,1698776099999,46101.9738,317,168995.0,33821.9617,0
1698776100000,0.2002,0.2012,0.1996,0.1996,281198.0,1698776999999,56386.9378,254,87362.0,17527.5864,0
1698777000000,0.1997,0.2013,0.1996,0.2012,118957.0,1698777899999,23822.8879,141,64941.0,13015.4189,0
1698777900000,0.2012,0.2029,0.201,0.2028,142439.0,1698778799999,28792.2995,246,78161.0,15808.4089,0
1698778800000,0.2029,0.2034,0.2025,0.2026,129597.0,1698779699999,26296.419,240,48043.0,9749.7036,0
1698779700000,0.2028,0.2032,0.2018,0.2031,251468.0,1698780599999,50878.4689,185,183697.0,37148.367,0
1698780600000,0.2031,0.2035,0.2021,0.2026,132508.0,1698781499999,26864.8726,158,74360.0,15064.295,0
1698781500000,0.2025,0.2045,0.2023,0.2044,252374.0,1698782399999,51333.2432,512,152119.0,30956.5064,0
1698782400000,0.2043,0.2046,0.2035,0.2042,169887.0,1698783299999,34673.5173,358,71171.0,14529.4234,0
1698783300000,0.2044,0.2065,0.2043,0.2064,354048.0,1698784199999,72774.2576,486,213838.0,43957.2858,0
1698784200000,0.2065,0.2074,0.2052,0.2059,466021.0,1698785099999,96147.1408,602,231472.0,47756.0856,0
1698785100000,0.206,0.2062,0.2046,0.2055,186883.0,1698785999999,38392.6607,332,70765.0,14540.7478,0
1698786000000,0.2054,0.2058,0.2049,0.2054,120965.0,1698786899999,24837.1738,180,50089.0,10285.6364,0
1698786900000,0.2055,0.2064,0.2053,0.2058,159652.0,1698787799999,32844.6806,191,76364.0,15709.4017,0
1698787800000,0.2057,0.2064,0.2054,0.2063,91780.0,1698788699999,18896.7234,160,47266.0,9729.9939,0
1698788700000,0.2064,0.2066,0.2057,0.2066,54659.0,1698789599999,11272.933,93,15936.0,3285.7342,0
1698789600000,0.2066,0.2088,0.2066,0.2079,546363.0,1698790499999,113488.5438,585,285303.0,59310.9529,0
1698790500000,0.2079,0.2095,0.2079,0.2092,152929.0,1698791399999,31948.718,342,83395.0,17419.3702,0
1698791400000,0.2091,0.2096,0.2079,0.2091,372988.0,1698792299999,77832.9672,559,195527.0,40811.4168,0
1698792300000,0.209,0.209,0.208,0.2087,116185.0,1698793199999,24215.8757,193,37510.0,7822.7412,0
1698793200000,0.2088,0.2089,0.2074,0.2086,143248.0,1698794099999,29803.411,236,81427.0,16943.2669,0
1698794100000,0.2085,0.2101,0.2084,0.2101,187993.0,1698794999999,39367.4399,212,106411.0,22295.6193,0
1698795000000,0.2101,0.2111,0.2098,0.2106,301043.0,1698795899999,63339.9287,479,150508.0,31655.7725,0
1698795900000,0.2105,0.2123,0.21,0.2121,249535.0,1698796799999,52724.3588,453,143672.0,30368.9443,0
